[[[0.852428 -0.941782 -0.446823 -1.765318 ] 
[1.280404 0.894615 0.374940 0.394017 ] 
[-0.399606 -0.374990 -1.866531 0.127330 ] 
[1.237228 1.521297 1.249796 -0.597962 ] 
] 
[[1.751378 2.051062 1.907195 0.875582 ] 
[-0.391056 0.250577 -0.245140 -0.328618 ] 
[0.651718 -0.923422 -0.791651 0.436458 ] 
[0.586127 0.601615 0.927159 0.490361 ] 
] 
[[-0.052672 0.093699 1.250322 0.478781 ] 
[0.199732 0.142406 -0.108819 0.244443 ] 
[-1.006874 -1.377125 -0.239207 0.888854 ] 
[1.640075 1.157851 0.694116 0.167538 ] 
] 
[[0.291120 -0.652979 -1.279076 -0.239527 ] 
[0.750932 2.464195 0.786386 -0.363659 ] 
[1.350113 2.446669 1.507450 0.982427 ] 
[0.028024 -1.136319 -2.434310 -1.041664 ] 
] 
[[3.081049 3.526388 2.473170 0.862265 ] 
[1.346467 -0.869509 -0.521415 -0.625882 ] 
[-0.207002 0.068385 -0.946883 0.089556 ] 
[3.024774 4.121500 4.066255 1.530365 ] 
] 
[[1.315228 -0.405209 -0.035742 0.156972 ] 
[0.454200 0.503733 -0.891590 -0.667880 ] 
[3.057487 5.326165 4.015872 1.520357 ] 
[-0.581252 -0.255950 -1.349393 -0.284847 ] 
] 
[[1.528990 -1.648676 -1.104452 -0.184051 ] 
[1.653277 0.914990 -2.191045 1.131171 ] 
[2.442987 -2.839824 -1.180121 1.453492 ] 
[-2.872100 -2.049543 -1.963272 -0.026468 ] 
] 
[[0.253736 1.152488 1.689741 -0.375963 ] 
[0.900182 0.809651 0.536221 -0.155911 ] 
[0.388708 -0.691787 -0.429118 0.476206 ] 
[0.510709 0.626787 1.281203 -0.686566 ] 
] 
[[0.037106 2.624335 0.669487 -0.082640 ] 
[0.669655 0.147192 -0.506778 -0.536976 ] 
[0.117424 0.537718 -2.233413 -0.686377 ] 
[2.873776 1.816584 1.394022 0.255876 ] 
] 
[[1.639169 1.552741 0.320706 -1.389271 ] 
[-0.027344 -0.416345 -0.256273 -0.815370 ] 
[-1.417490 -3.348849 -2.742702 -1.456641 ] 
[3.616185 4.695151 3.234282 0.349600 ] 
] 
[[1.464230 1.524871 1.155791 0.588160 ] 
[0.203620 -1.216830 0.578234 0.027162 ] 
[-1.803625 -1.466613 -2.472065 -0.204293 ] 
[4.583758 3.702990 2.017268 1.448506 ] 
] 
[[-0.207063 4.392657 1.665731 -1.503338 ] 
[5.649015 3.161555 -0.205197 0.008303 ] 
[0.427288 3.439805 3.882818 0.817053 ] 
[2.860347 1.105459 1.480322 0.772069 ] 
] 
[[0.014129 -1.582015 -1.311837 -0.716576 ] 
[0.624837 1.575548 -0.587155 0.439165 ] 
[2.069850 0.334550 1.041551 0.788574 ] 
[-1.435331 -0.581385 -0.777499 -0.297953 ] 
] 
[[3.602113 2.040652 0.969820 0.208391 ] 
[-2.220282 2.053527 -0.580017 -0.151864 ] 
[3.436090 1.874444 0.130982 0.373899 ] 
[2.107582 0.494068 1.034664 -0.253394 ] 
] 
[[-0.111988 0.352608 4.320136 -0.036790 ] 
[-0.119763 -0.828060 -1.176817 -1.163597 ] 
[0.947628 0.835703 1.612645 -0.465539 ] 
[-2.183915 -1.888137 1.381498 0.291129 ] 
] 
[[0.542281 -0.620080 4.659235 2.113782 ] 
[-0.113002 -0.041698 3.353548 0.399189 ] 
[-0.817647 -0.298189 0.205172 -0.546659 ] 
[0.656416 -0.140374 1.412164 0.700434 ] 
] 
[[2.022472 0.953074 -0.559007 -0.589927 ] 
[0.506353 0.450220 0.470000 -0.157469 ] 
[1.547902 1.406240 0.198126 0.291950 ] 
[1.321991 1.833342 1.229446 -0.117103 ] 
] 
[[3.036393 0.010761 2.009357 0.824153 ] 
[-1.159621 -0.700383 -1.705274 -1.021295 ] 
[5.513274 5.798800 5.314758 -0.285902 ] 
[3.024993 3.340462 3.637036 2.171235 ] 
] 
[[0.761451 -1.285488 -0.864241 -0.013726 ] 
[-0.096432 1.351526 0.993338 0.852283 ] 
[0.768730 -0.465108 2.378173 -0.654893 ] 
[0.506201 2.352445 1.375724 0.337451 ] 
] 
[[0.289687 -0.161077 2.611604 0.550107 ] 
[0.283952 0.233472 1.077305 1.681290 ] 
[0.757236 0.369470 0.934925 0.249753 ] 
[-0.324203 -0.578866 1.113679 0.370501 ] 
] 
[[-0.824229 -1.238230 1.616419 1.543140 ] 
[-1.201760 0.544864 -0.360574 0.681894 ] 
[0.498699 0.653805 2.266157 2.176568 ] 
[-1.953261 -0.576480 -0.358484 0.383730 ] 
] 
[[1.354075 0.589626 2.631552 3.866533 ] 
[-0.909933 -0.309994 -0.423162 0.578042 ] 
[-0.181551 -1.224965 -0.481121 -0.305249 ] 
[0.862002 1.953664 2.612197 3.652204 ] 
] 
[[5.256752 6.156822 1.272815 0.516093 ] 
[-2.135246 0.646245 0.982019 -2.224757 ] 
[3.592124 2.871167 0.709247 1.970618 ] 
[4.537607 2.249602 1.664997 0.035914 ] 
] 
[[1.913813 1.001828 -0.613535 0.641314 ] 
[-1.286372 1.523242 -0.671158 1.377182 ] 
[2.508366 -0.219793 2.110847 1.366896 ] 
[0.903580 1.598020 2.685786 0.401934 ] 
] 
[[-0.011198 -1.455579 -2.192933 0.239175 ] 
[2.649312 1.639750 -0.300441 1.179926 ] 
[0.479841 -2.344238 1.088169 1.752295 ] 
[-1.324903 -1.346710 -2.732152 -0.492138 ] 
] 
[[0.039123 -0.116794 1.517064 -0.305967 ] 
[0.439361 1.888526 0.213445 0.502120 ] 
[0.445429 -1.143949 -0.104778 0.354743 ] 
[-1.384811 -1.683384 -0.465039 0.607044 ] 
] 
[[1.952321 1.832098 0.855995 1.871612 ] 
[1.491424 -0.013678 2.853061 -2.094548 ] 
[2.970317 4.426530 0.848543 -0.112263 ] 
[3.543690 -0.003350 -1.189481 -0.458685 ] 
] 
[[3.404110 0.534324 -2.883983 -1.644433 ] 
[4.022141 5.259145 -0.983541 0.373477 ] 
[4.058820 -2.687715 3.636718 1.228053 ] 
[-4.879446 0.552100 0.729277 -1.584511 ] 
] 
[[-1.001268 -3.116354 1.218723 -0.315011 ] 
[2.949385 -0.278828 2.221570 -0.980562 ] 
[-3.937007 -0.787816 -0.947869 0.431878 ] 
[3.734920 1.515828 1.164820 -0.247625 ] 
] 
[[4.459699 6.623857 3.102019 1.143282 ] 
[-2.916564 2.856096 1.963052 -0.653301 ] 
[1.129944 1.305342 -0.822819 0.153156 ] 
[5.128654 5.608249 7.355352 2.021428 ] 
] 
[[2.860645 2.319767 0.666948 0.214690 ] 
[1.052719 4.687960 2.775442 -0.450411 ] 
[3.453327 3.820960 1.130719 0.491867 ] 
[2.619304 1.745474 2.730977 -0.359155 ] 
] 
[[0.190176 -1.224803 -1.713042 -0.924654 ] 
[2.019054 -0.563842 0.435703 1.648860 ] 
[2.515977 -1.732116 2.359973 1.864089 ] 
[-4.480613 -1.945047 -1.348198 -0.240053 ] 
] 
[[-0.073745 -0.356358 1.975207 0.225469 ] 
[-1.438423 -1.899352 2.666045 0.762737 ] 
[-0.407287 -1.465835 1.190859 0.693638 ] 
[-2.019289 -2.827259 -0.254074 -0.774333 ] 
] 
[[0.286298 -0.983537 -0.624689 0.881237 ] 
[0.294518 -0.912592 -0.067002 1.452677 ] 
[-0.702317 -2.192379 -1.434540 0.532518 ] 
[0.253963 0.503653 0.929853 0.859344 ] 
] 
[[-3.850596 1.507560 -1.697414 1.882285 ] 
[4.610333 2.404145 6.337914 3.325351 ] 
[-2.334370 3.813723 5.710544 0.712281 ] 
[3.153209 3.581742 4.095951 3.226550 ] 
] 
[[-0.124235 0.303936 -0.393957 1.532107 ] 
[1.126437 0.449316 2.918890 2.366666 ] 
[1.464655 2.051906 2.472680 -0.287682 ] 
[-0.755873 0.664929 -0.483772 0.424234 ] 
] 
[[0.779292 -1.737872 -2.690887 0.547599 ] 
[-0.344338 -0.383656 0.475263 2.075317 ] 
[-2.401662 -2.645443 -0.379232 0.828032 ] 
[1.546143 2.761177 1.577454 1.094544 ] 
] 
[[0.501564 -1.054635 -0.920580 -1.606168 ] 
[1.081329 1.575541 1.213691 -0.802359 ] 
[-0.680512 -2.484797 -2.221037 0.158036 ] 
[1.657068 0.465023 -0.950085 -1.695057 ] 
] 
[[0.883895 4.642566 1.599375 -0.432039 ] 
[3.119694 3.128279 1.178942 1.250474 ] 
[1.479555 2.445864 2.296626 -0.536902 ] 
[0.932169 1.072863 1.076682 -0.185842 ] 
] 
[[0.034211 -1.436523 -0.919097 1.027623 ] 
[0.066741 -0.175916 0.351605 1.188167 ] 
[-1.347023 -0.678813 -0.852964 0.764902 ] 
[0.092863 0.835784 1.131294 1.203278 ] 
] 
[[0.621535 0.287831 2.102576 0.840002 ] 
[-0.708285 -0.518244 0.354419 0.974569 ] 
[0.901805 0.968477 1.525682 -1.350982 ] 
[0.604273 0.895416 1.611179 1.043702 ] 
] 
[[2.025863 3.453350 3.917893 2.154409 ] 
[-1.544502 -2.145594 -1.922952 0.088273 ] 
[1.400071 0.101444 1.184106 -1.210316 ] 
[2.088784 5.276594 5.496795 3.330149 ] 
] 
[[1.349009 -1.982563 3.432849 -1.352566 ] 
[-1.004652 4.130353 3.716508 -1.682288 ] 
[0.986640 1.622681 -0.790282 -1.735720 ] 
[1.020936 -3.082547 -1.574955 -1.544308 ] 
] 
[[0.493506 -0.431125 -0.231262 -1.276286 ] 
[0.822287 -1.127215 -0.211817 -0.358908 ] 
[-0.065443 -0.117946 -2.134683 -0.499655 ] 
[1.911310 -0.404089 0.739481 -0.267212 ] 
] 
[[5.840176 2.334177 0.401916 -0.288614 ] 
[2.713895 3.285690 3.686863 -2.497128 ] 
[1.884741 2.903671 -2.850640 -0.725004 ] 
[5.277631 3.359151 2.605436 0.064454 ] 
] 
[[2.379083 3.322433 2.645298 2.343164 ] 
[0.572569 -1.737193 0.853722 1.703934 ] 
[-2.712125 -2.538731 -0.575660 0.433079 ] 
[5.293439 6.600960 5.855426 3.351294 ] 
] 
[[-0.880370 -2.356859 0.170408 -2.263741 ] 
[0.718072 -0.787004 1.042787 -1.718528 ] 
[0.535352 0.054800 -2.895917 -1.902753 ] 
[1.518011 -2.486841 -0.969663 -1.869839 ] 
] 
[[3.614106 5.126745 5.467683 -0.392928 ] 
[0.350590 -2.968970 -0.068513 -0.004203 ] 
[-2.781423 -1.255111 -2.056240 -1.337939 ] 
[2.911696 4.913592 6.245036 3.126814 ] 
] 
[[1.485978 0.962633 -0.081918 0.452269 ] 
[0.855890 1.466723 2.131548 -0.459854 ] 
[0.246480 0.040084 -0.103771 -0.370740 ] 
[1.086987 1.967158 0.934634 0.079031 ] 
] 
[[0.824117 0.722181 2.297019 0.864233 ] 
[-1.268098 -0.849851 0.228936 0.046569 ] 
[0.068439 -0.499842 -0.067017 -0.311524 ] 
[0.758281 1.338691 1.752286 0.888101 ] 
] 
] 
