21315
19944
19339
19526
19436
19913
19534
19392
19525
20393
19548
19486
19398
19572
19448
19508
19482
20143
19761
19479
19879
19357
19677
19686
19463
20015
19470
19639
19662
20302
19738
19389
19688
19908
19848
19600
19430
19431
19693
19939
19609
19406
19656
19813
19555
19719
19366
19645
19586
19354
19809
19355
19652
29227
40605
34813
34061
31881
38099
37375
29263
29340
28383
23333
22640
23291
19885
19528
23582
19906
19521
20155
20273
19720
19679
20754
19615
19299
19505
19345
19404
19624
19391
21144
19814
19364
19869
19393
19862
19403
19551
19614
19353
19588
19352
19883
19611
19326
19668
19499
