9706
10052
9767
9704
9675
9684
9647
9627
9673
9707
9654
9643
9850
9765
9724
9608
9598
9621
9734
9632
9690
9624
9676
9651
9735
9656
9602
9683
9591
9663
10965
10684
10692
11343
10276
9690
10736
12314
12430
11784
12476
12030
11821
12613
11965
12115
11959
11876
12271
12002
11870
13516
13147
9757
10012
9734
9749
11147
9799
9707
10119
9655
9766
9671
9769
10051
9706
9936
9839
9694
9874
9684
10101
9669
9729
9717
9691
10704
9748
9704
9978
9657
10003
9644
9941
9844
9720
9933
9630
9951
10257
9636
9731
9680
9946
9690
9711
10050
9708
9839
