2007
1782
1729
1734
1858
1773
1863
1751
1707
1719
1782
1785
1799
1885
1751
1781
2355
1726
1788
1953
1915
1897
1768
1797
1879
1733
1799
1745
1854
1806
1739
1793
1849
1941
1741
1743
1770
1688
1788
1824
1879
1785
1748
1721
1734
1839
1720
1680
1760
1697
2255
1737
1803
1879
1812
1674
1850
1735
1838
1939
1834
1775
1765
1757
1796
1750
1858
1825
1707
1745
2143
1768
1793
1834
1756
2636
1768
1753
1769
1766
2558
1984
1960
2387
2744
1950
2152
1993
2013
1963
1792
1688
2052
2606
1854
1813
1748
1924
1830
1762
