131858
126395
124524
126615
124590
122642
120052
121033
130897
161203
128064
128621
145716
124282
119976
122135
122523
235710
121466
119996
119492
118779
118385
118598
119337
118481
119324
118170
119053
119013
118749
118168
122273
118432
118714
119673
120802
118875
118162
118263
119262
118398
119291
125576
120241
118937
119299
118258
118324
119547
118205
120540
119869
118982
119085
118261
118247
121176
118309
119350
120277
119450
118890
118000
118217
119165
118573
120569
120040
117933
119562
118590
118046
118962
118461
118076
125532
120003
121224
118116
119563
122949
118543
120406
148587
143068
128840
119116
118227
119965
118235
118445
121292
119995
119795
118970
118561
119019
121091
118006
