74382
64545
59487
60196
58884
58652
59517
59194
59745
59136
58865
59315
59095
65801
59245
59601
60934
59135
82099
77796
72252
69072
74002
74600
84225
64740
60274
61426
59891
59925
59199
60787
59446
59316
59681
58740
59275
58504
59462
59655
59260
60275
60090
70056
63135
62705
61220
61451
61744
60583
61122
79196
59957
65635
63203
61717
60316
60520
60783
62598
61249
59300
59076
58788
58537
58700
59771
59361
60810
60017
59335
65474
59706
60620
60626
61164
61195
60198
58593
58415
59499
59518
60755
60551
60686
61005
60195
61168
69067
60244
59513
61391
66385
62083
59169
60877
59392
60416
59489
60529
