[[[-0.270575 -0.270575 -0.270575 -0.270575 -0.270575 -0.270575 -0.270575 -0.270575 -0.270575 -0.270575 -0.270575 -0.270575 ] 
[-0.270575 -0.270575 -0.266319 0.260055 0.820326 0.725387 0.656920 0.214057 0.035624 -0.270575 -0.270575 -0.270575 ] 
[-0.270575 0.037833 0.621559 0.940383 0.964828 0.674236 1.198383 0.885906 0.115067 -0.270575 -0.270575 -0.270575 ] 
[-0.270575 0.321107 0.229460 -0.100269 0.121356 -0.105660 0.742021 1.257496 0.211040 -0.270575 -0.270575 -0.270575 ] 
[-0.270575 -0.419668 0.271494 0.045620 0.038158 0.425364 0.297293 0.405284 -0.111033 -0.270575 -0.270575 -0.270575 ] 
[-0.270575 -0.270575 -0.130580 0.037833 0.425364 0.425364 0.368474 0.166608 -0.246588 -0.270575 -0.270575 -0.270575 ] 
[-0.270575 -0.259270 0.189706 0.666911 0.434224 0.295649 0.166608 -0.268886 -0.270575 -0.270575 -0.270575 -0.270575 ] 
[-0.259270 0.383590 0.730977 0.513641 0.762453 0.806717 0.795961 0.172046 0.035624 -0.270575 -0.270575 -0.270575 ] 
[0.088503 0.273617 0.824342 1.143863 1.136468 0.673563 1.024865 0.587935 0.021574 -0.270575 -0.270575 -0.270575 ] 
[-0.270575 -0.317619 0.088383 0.158050 0.185026 0.151630 0.261448 0.541643 0.119083 -0.270575 -0.270575 -0.270575 ] 
[-0.270575 -0.270575 -0.270575 -0.270575 -0.270575 -0.270575 -0.270575 -0.270575 -0.269410 -0.270575 -0.270575 -0.270575 ] 
[-0.270575 -0.270575 -0.270575 -0.270575 -0.270575 -0.270575 -0.270575 -0.270575 -0.270575 -0.270575 -0.270575 -0.270575 ] 
] 
[[-0.149019 -0.149019 -0.149019 -0.149019 -0.149019 -0.149019 -0.149019 -0.149019 -0.149019 -0.149019 -0.149019 -0.149019 ] 
[-0.149019 -0.149019 -0.149019 -0.149019 -0.004649 0.071743 -0.040493 -0.136023 -0.149019 -0.149019 -0.149019 -0.149019 ] 
[-0.149019 -0.149019 0.594355 0.568766 0.498269 0.455920 0.491817 0.628996 -0.421759 -0.149019 -0.149019 -0.149019 ] 
[-0.149019 0.165508 0.849870 0.591700 0.506309 0.190833 1.206953 1.457087 -0.276219 -0.149019 -0.149019 -0.149019 ] 
[-0.149019 -0.108945 0.468320 0.753879 0.388050 0.750672 0.569183 0.294542 0.032501 -0.149019 -0.149019 -0.149019 ] 
[-0.149019 -0.149019 0.093746 0.034527 0.750672 0.750672 0.103156 0.428695 0.063299 -0.149019 -0.149019 -0.149019 ] 
[-0.149019 -0.149019 -0.171958 0.454619 0.714483 0.103156 0.428695 0.063299 -0.149019 -0.149019 -0.149019 -0.149019 ] 
[-0.149019 0.132267 0.729702 0.549127 0.119411 0.289838 0.133245 -0.020224 -0.149019 -0.149019 -0.149019 -0.149019 ] 
[-0.028569 0.431892 0.858511 1.255388 0.915321 0.673996 0.563809 0.567363 -0.439218 -0.149019 -0.149019 -0.149019 ] 
[0.086316 0.331170 0.774460 0.967737 0.560599 0.487643 0.690836 0.674133 0.258830 -0.149019 -0.149019 -0.149019 ] 
[-0.149019 -0.041923 0.339710 0.339710 0.339710 0.339710 0.395936 0.503644 0.180160 -0.149019 -0.149019 -0.149019 ] 
[-0.149019 -0.149019 -0.149019 -0.149019 -0.149019 -0.149019 -0.149019 -0.149019 -0.149019 -0.149019 -0.149019 -0.149019 ] 
] 
[[-0.113241 -0.113241 -0.113241 -0.113241 -0.113241 -0.113241 -0.113241 -0.113241 -0.113241 -0.113241 -0.113241 -0.113241 ] 
[-0.113241 -0.113241 0.099746 0.119594 0.416035 0.281744 0.116569 -0.491222 -0.113241 -0.113241 -0.113241 -0.113241 ] 
[-0.113241 0.364958 0.444810 0.337422 0.841741 1.259244 1.645663 1.090991 -0.101696 -0.113241 -0.113241 -0.113241 ] 
[-0.113241 0.576572 1.114654 0.693949 0.749738 0.624650 0.673380 0.878771 0.352508 -0.113241 -0.113241 -0.113241 ] 
[-0.113241 0.061215 0.365507 0.286488 0.400498 0.699431 0.525462 0.181245 0.422652 -0.113241 -0.113241 -0.113241 ] 
[-0.113241 -0.002221 -0.113241 0.364958 0.377635 0.494251 0.445443 0.339787 0.104052 -0.113241 -0.113241 -0.113241 ] 
[-0.113241 0.120511 0.250256 0.347058 0.494251 0.449523 0.238844 0.219376 -0.113241 -0.113241 -0.113241 -0.113241 ] 
[0.120511 0.377635 0.515133 0.496420 0.745251 0.342975 0.358327 -0.491222 -0.113241 -0.113241 -0.113241 -0.113241 ] 
[0.420115 1.455117 1.447587 1.380523 1.653211 1.452270 1.431326 0.941577 -0.018830 -0.113241 -0.113241 -0.113241 ] 
[-0.113241 0.515180 0.783762 1.129013 1.010320 0.880373 0.858814 1.052280 0.345608 -0.113241 -0.113241 -0.113241 ] 
[-0.000336 -0.030386 0.179855 0.179855 0.179855 0.179855 0.179855 0.151996 0.211688 -0.113241 -0.113241 -0.113241 ] 
[-0.113241 -0.113241 -0.113241 -0.113241 -0.113241 -0.113241 -0.113241 -0.113241 -0.113241 -0.113241 -0.113241 -0.113241 ] 
] 
[[-0.055912 -0.055912 -0.055912 -0.055912 -0.055912 -0.055912 -0.055912 -0.055912 -0.055912 -0.055912 -0.055912 -0.055912 ] 
[-0.055912 -0.055912 0.396150 0.681324 0.822033 0.548178 0.407031 -0.081069 -0.055912 -0.055912 -0.055912 -0.055912 ] 
[-0.055912 0.756390 0.950046 0.858206 0.417392 0.206630 0.832765 -0.120303 -0.125039 -0.055912 -0.055912 -0.055912 ] 
[-0.055912 1.059986 0.718286 -0.580827 -0.821100 -0.283271 0.020906 -1.113508 -0.238970 -0.055912 -0.055912 -0.055912 ] 
[-0.055912 -0.083481 -0.424077 -0.794795 0.701044 1.140311 0.520011 -0.978366 -0.398049 -0.055912 -0.055912 -0.055912 ] 
[-0.055912 -0.055912 -0.055912 0.756390 1.140311 0.536774 -1.031889 -0.739791 -0.055912 -0.055912 -0.055912 -0.055912 ] 
[-0.055912 0.334886 0.702549 1.139711 0.534315 -1.031889 -0.739791 -0.055912 -0.055912 -0.055912 -0.055912 -0.055912 ] 
[0.334886 1.140311 1.078855 0.180742 -0.422918 -0.030992 0.414785 -0.081069 -0.055912 -0.055912 -0.055912 -0.055912 ] 
[0.593660 1.212506 0.611940 -0.176747 -0.342234 0.422834 0.741439 -0.431226 -0.061298 -0.055912 -0.055912 -0.055912 ] 
[0.077009 -0.049183 -0.657596 -0.921014 -0.412521 -0.414731 -0.649488 -0.891723 -0.118152 -0.055912 -0.055912 -0.055912 ] 
[-0.055912 -0.055912 -0.055912 -0.055912 -0.055912 -0.055912 -0.055912 -0.055912 -0.055912 -0.055912 -0.055912 -0.055912 ] 
[-0.055912 -0.055912 -0.055912 -0.055912 -0.055912 -0.055912 -0.055912 -0.055912 -0.055912 -0.055912 -0.055912 -0.055912 ] 
] 
[[-0.054650 -0.054650 -0.054650 -0.054650 -0.054650 -0.054650 -0.054650 -0.054650 -0.054650 -0.054650 -0.054650 -0.054650 ] 
[-0.054650 -0.054650 0.352645 0.996958 1.960405 2.651193 2.651953 1.355736 0.073827 -0.054650 -0.054650 -0.054650 ] 
[-0.054650 0.772837 1.656198 2.102165 2.424288 2.497312 3.068712 2.411975 0.837884 -0.054650 -0.054650 -0.054650 ] 
[-0.054650 1.149060 1.503910 0.933028 -1.207811 -0.723756 -0.491065 1.155368 0.473101 -0.054650 -0.054650 -0.054650 ] 
[-0.054650 -0.382882 -1.028311 -0.285624 0.743552 1.348426 0.775621 0.359423 -0.074757 -0.054650 -0.054650 -0.054650 ] 
[-0.054650 -0.054650 -0.054650 0.772837 1.348426 1.272042 -0.176545 -0.226687 -0.054650 -0.054650 -0.054650 -0.054650 ] 
[-0.054650 0.356907 1.038420 1.408634 1.259003 -0.176545 -0.226687 -0.054650 -0.054650 -0.054650 -0.054650 -0.054650 ] 
[0.356907 1.348426 1.966868 1.649638 -0.020406 1.200202 1.793189 1.244068 0.073827 -0.054650 -0.054650 -0.054650 ] 
[0.784159 1.641578 1.924972 1.428937 2.215929 2.531683 2.933840 2.306834 0.749598 -0.054650 -0.054650 -0.054650 ] 
[-0.054650 -1.424026 -1.520555 -0.865195 -0.836456 -0.952563 -1.401247 0.031378 0.025037 -0.054650 -0.054650 -0.054650 ] 
[-0.054650 -0.054650 -0.054650 -0.054650 -0.054650 -0.054650 -0.054650 -0.054650 -0.054650 -0.054650 -0.054650 -0.054650 ] 
[-0.054650 -0.054650 -0.054650 -0.054650 -0.054650 -0.054650 -0.054650 -0.054650 -0.054650 -0.054650 -0.054650 -0.054650 ] 
] 
[[0.207840 0.207840 0.207840 0.207840 0.207840 0.207840 0.207840 0.207840 0.207840 0.207840 0.207840 0.207840 ] 
[0.207840 0.207840 0.207840 0.207840 -0.135635 -0.308218 -0.284598 0.426190 0.430378 0.207840 0.207840 0.207840 ] 
[0.207840 0.207840 -0.187067 -0.906122 -0.507243 -0.147514 -0.374175 0.313300 0.833147 0.207840 0.207840 0.207840 ] 
[0.207840 0.073140 -1.175687 -0.038426 0.259270 0.323686 -1.078864 0.714439 1.670761 0.207840 0.207840 0.207840 ] 
[0.207840 -0.116798 -0.057636 0.700985 0.499668 0.088598 -0.568555 1.047338 1.401775 0.207840 0.207840 0.207840 ] 
[0.207840 0.207840 0.207840 0.494055 -0.269556 -0.740244 0.767583 1.047197 0.516444 0.207840 0.207840 0.207840 ] 
[0.207840 0.207840 0.205055 -0.288978 -0.714504 0.767583 0.914922 0.674211 0.207840 0.207840 0.207840 0.207840 ] 
[0.207840 0.184938 -0.794666 -0.862982 0.095849 0.698637 0.249958 0.426190 0.430378 0.207840 0.207840 0.207840 ] 
[0.207840 -0.957689 -1.064147 0.049548 -0.109016 -0.304840 -0.578030 0.965845 0.823236 0.207840 0.207840 0.207840 ] 
[0.207840 -0.495684 -0.239068 -0.109883 -0.239068 -0.239068 -0.145527 0.886226 0.895501 0.207840 0.207840 0.207840 ] 
[0.207840 0.207840 0.207840 0.207840 0.207840 0.207840 0.207840 0.478943 0.553541 0.207840 0.207840 0.207840 ] 
[0.207840 0.207840 0.207840 0.207840 0.207840 0.207840 0.207840 0.207840 0.207840 0.207840 0.207840 0.207840 ] 
] 
[[-0.234476 -0.234476 -0.234476 -0.234476 -0.234476 -0.234476 -0.234476 -0.234476 -0.234476 -0.234476 -0.234476 -0.234476 ] 
[-0.234476 -0.234476 -0.191734 0.187853 0.948775 1.092715 1.093250 0.711658 0.148131 -0.234476 -0.234476 -0.234476 ] 
[-0.234476 -0.112049 0.673896 0.947135 0.747007 0.493027 0.106478 0.460320 0.061856 -0.234476 -0.234476 -0.234476 ] 
[-0.234476 0.153334 0.165343 0.142176 -0.313336 -0.290418 0.539241 0.355222 -0.231259 -0.234476 -0.234476 -0.234476 ] 
[-0.234476 -0.006362 -0.052072 -0.221737 -0.116994 0.409722 0.688449 0.339392 -0.376652 -0.234476 -0.234476 -0.234476 ] 
[-0.234476 -0.044704 -0.234476 -0.112049 0.409722 0.688449 0.430259 -0.490872 -0.234476 -0.234476 -0.234476 -0.234476 ] 
[-0.234476 -0.187165 0.185746 0.558601 0.688449 0.430259 -0.491519 -0.234476 -0.234476 -0.234476 -0.234476 -0.234476 ] 
[-0.187165 0.409722 0.731815 0.775361 0.506803 0.339776 0.899350 0.633123 0.148131 -0.234476 -0.234476 -0.234476 ] 
[-0.099912 0.357109 1.093563 1.095395 0.632420 0.937138 0.792035 0.817123 0.012257 -0.234476 -0.234476 -0.234476 ] 
[-0.171356 -0.027298 -0.034496 -0.330169 -0.330169 -0.330169 -0.290386 -0.446617 -0.446520 -0.234476 -0.234476 -0.234476 ] 
[-0.042943 -0.071018 -0.188098 -0.213828 -0.213828 -0.213828 -0.213828 -0.234476 -0.233544 -0.234476 -0.234476 -0.234476 ] 
[-0.234476 -0.234476 -0.234476 -0.234476 -0.234476 -0.234476 -0.234476 -0.234476 -0.234476 -0.234476 -0.234476 -0.234476 ] 
] 
[[-0.028496 -0.028496 -0.028496 -0.028496 -0.028496 -0.028496 -0.028496 -0.028496 -0.028496 -0.028496 -0.028496 -0.028496 ] 
[-0.028496 -0.028496 0.429143 0.979963 1.552250 1.607390 1.622533 1.088953 -0.028496 -0.028496 -0.028496 -0.028496 ] 
[-0.028496 0.554383 1.154993 1.394127 0.618436 0.212398 1.111465 1.793875 0.539514 -0.028496 -0.028496 -0.028496 ] 
[-0.028496 0.247165 0.227709 -0.880202 -0.950507 0.151458 0.250056 0.056517 0.217763 -0.028496 -0.028496 -0.028496 ] 
[-0.028496 0.067018 -0.860192 -0.126021 0.501476 1.077600 0.609252 -0.316895 0.047227 -0.028496 -0.028496 -0.028496 ] 
[-0.028496 0.079564 -0.028496 0.554383 1.077600 0.496025 -0.667768 -0.056822 -0.028496 -0.028496 -0.028496 -0.028496 ] 
[-0.028496 0.255244 0.982253 1.152371 0.491336 -0.667768 -0.056822 -0.028496 -0.028496 -0.028496 -0.028496 -0.028496 ] 
[0.255244 1.077600 1.192721 0.477846 0.640786 1.136870 1.702665 1.174185 -0.028496 -0.028496 -0.028496 -0.028496 ] 
[0.092462 0.706866 0.425579 0.616881 0.788845 1.287117 1.166557 1.559595 0.488419 -0.028496 -0.028496 -0.028496 ] 
[-0.028496 -0.757020 -1.731182 -1.652845 -1.452698 -1.399218 -1.530092 -0.320164 0.314801 -0.028496 -0.028496 -0.028496 ] 
[0.084732 0.002367 -0.028496 -0.028496 -0.028496 -0.028496 -0.028496 -0.028496 -0.028496 -0.028496 -0.028496 -0.028496 ] 
[-0.028496 -0.028496 -0.028496 -0.028496 -0.028496 -0.028496 -0.028496 -0.028496 -0.028496 -0.028496 -0.028496 -0.028496 ] 
] 
[[-0.212321 -0.212321 -0.212321 -0.212321 -0.212321 -0.212321 -0.212321 -0.212321 -0.212321 -0.212321 -0.212321 -0.212321 ] 
[-0.212321 -0.212321 -0.115578 0.091034 0.934426 1.562221 1.563620 1.204920 0.572511 -0.212321 -0.212321 -0.212321 ] 
[-0.212321 0.065696 0.670226 1.718593 1.911007 1.892431 1.896698 1.663209 0.930220 -0.212321 -0.212321 -0.212321 ] 
[-0.212321 -0.006429 1.523828 1.940234 1.978322 0.695446 0.791249 1.869661 0.542859 -0.212321 -0.212321 -0.212321 ] 
[-0.212321 0.127165 1.508230 0.628605 -0.003713 0.645214 2.933212 2.702869 -0.355831 -0.212321 -0.212321 -0.212321 ] 
[-0.212321 -0.018289 0.144793 0.065696 0.645214 2.814784 2.814784 0.548362 -0.212321 -0.212321 -0.212321 -0.212321 ] 
[-0.212321 -0.179968 0.032279 0.845998 2.783967 2.814784 0.750175 -0.212321 -0.212321 -0.212321 -0.212321 -0.212321 ] 
[-0.179968 0.089856 1.515507 2.736670 2.617018 0.772874 1.063891 0.999246 0.572511 -0.212321 -0.212321 -0.212321 ] 
[-0.105339 1.202982 2.935385 3.180607 2.082321 1.585108 2.278928 2.055547 0.772995 -0.212321 -0.212321 -0.212321 ] 
[-0.212321 1.345795 1.474651 0.412858 1.054228 1.239703 1.398916 0.826381 -0.122134 -0.212321 -0.212321 -0.212321 ] 
[-0.040558 0.338725 0.001380 -0.212321 -0.212321 -0.212321 -0.212321 -0.212321 -0.212321 -0.212321 -0.212321 -0.212321 ] 
[-0.212321 -0.212321 -0.212321 -0.212321 -0.212321 -0.212321 -0.212321 -0.212321 -0.212321 -0.212321 -0.212321 -0.212321 ] 
] 
[[-0.084647 -0.084647 -0.084647 -0.084647 -0.084647 -0.084647 -0.084647 -0.084647 -0.084647 -0.084647 -0.084647 -0.084647 ] 
[-0.084647 -0.084647 0.067128 0.587154 0.709906 1.148577 1.149670 0.911165 0.291696 -0.084647 -0.084647 -0.084647 ] 
[-0.084647 0.403244 0.586078 0.706674 0.882832 0.874583 1.323675 1.218900 1.331570 -0.084647 -0.084647 -0.084647 ] 
[-0.084647 0.126228 0.295874 0.668243 0.730628 0.651371 0.682048 0.191236 1.029448 -0.084647 -0.084647 -0.084647 ] 
[-0.084647 0.243433 0.104308 0.236693 0.385550 0.550112 0.833243 0.456788 0.693857 -0.084647 -0.084647 -0.084647 ] 
[-0.084647 0.141865 0.071675 0.403244 0.550112 0.792083 0.792083 0.349655 0.093717 -0.084647 -0.084647 -0.084647 ] 
[-0.084647 -0.040741 0.518643 0.682612 0.766768 0.792083 0.450185 0.167358 -0.084647 -0.084647 -0.084647 -0.084647 ] 
[-0.040741 0.505661 0.657603 1.546964 0.957827 0.945938 0.646499 0.750578 0.291696 -0.084647 -0.084647 -0.084647 ] 
[0.116716 0.398399 1.263399 1.579414 1.225770 1.364552 1.207196 1.086704 1.131910 -0.084647 -0.084647 -0.084647 ] 
[0.058387 0.366725 0.115340 0.095779 0.137267 0.326324 0.367457 0.114282 0.353913 -0.084647 -0.084647 -0.084647 ] 
[0.130772 0.307565 0.097362 0.005278 0.005278 0.005278 0.005278 -0.084647 -0.084647 -0.084647 -0.084647 -0.084647 ] 
[-0.084647 -0.084647 -0.084647 -0.084647 -0.084647 -0.084647 -0.084647 -0.084647 -0.084647 -0.084647 -0.084647 -0.084647 ] 
] 
[[-0.050336 -0.050336 -0.050336 -0.050336 -0.050336 -0.050336 -0.050336 -0.050336 -0.050336 -0.050336 -0.050336 -0.050336 ] 
[-0.050336 -0.050336 -0.050336 -0.050336 -0.059030 0.508433 0.509405 0.436333 0.012605 -0.050336 -0.050336 -0.050336 ] 
[-0.050336 -0.050336 0.621289 1.815096 2.537538 2.545043 2.659042 1.788567 1.068627 -0.050336 -0.050336 -0.050336 ] 
[-0.050336 0.818665 1.610816 2.205410 1.523020 -0.428490 -0.640958 0.315916 0.925296 -0.050336 -0.050336 -0.050336 ] 
[-0.050336 0.108109 0.124886 -0.750964 -0.281046 0.996409 1.319102 0.926338 0.123156 -0.050336 -0.050336 -0.050336 ] 
[-0.050336 -0.050336 -0.050336 -0.063194 0.996409 1.355923 1.355923 0.210579 -0.050336 -0.050336 -0.050336 -0.050336 ] 
[-0.050336 -0.050336 -0.051900 0.828009 1.349345 1.355923 0.062618 -0.050336 -0.050336 -0.050336 -0.050336 -0.050336 ] 
[-0.050336 0.177217 1.203821 1.670635 1.318370 -0.003604 0.078660 0.436333 0.012605 -0.050336 -0.050336 -0.050336 ] 
[0.257110 1.064372 2.054959 1.519051 1.970291 2.747935 2.726386 2.512931 1.154284 -0.050336 -0.050336 -0.050336 ] 
[0.262075 0.570919 0.789730 1.044570 1.685970 1.627343 1.132141 0.431688 0.424084 -0.050336 -0.050336 -0.050336 ] 
[-0.050336 -0.050336 -0.050336 -0.050336 -0.050336 -0.050336 -0.050336 -0.050336 -0.050336 -0.050336 -0.050336 -0.050336 ] 
[-0.050336 -0.050336 -0.050336 -0.050336 -0.050336 -0.050336 -0.050336 -0.050336 -0.050336 -0.050336 -0.050336 -0.050336 ] 
] 
[[-0.180729 -0.180729 -0.180729 -0.180729 -0.180729 -0.180729 -0.180729 -0.180729 -0.180729 -0.180729 -0.180729 -0.180729 ] 
[-0.180729 -0.180729 -0.180729 -0.102886 0.279721 0.718739 0.719682 0.853713 0.410650 -0.180729 -0.180729 -0.180729 ] 
[-0.180729 -0.180729 0.528591 2.060900 1.872415 1.421678 1.000677 0.831727 0.511018 -0.180729 -0.180729 -0.180729 ] 
[-0.180729 0.689824 1.728613 2.002279 1.047942 -0.417410 0.717169 1.089441 -0.163531 -0.180729 -0.180729 -0.180729 ] 
[-0.180729 0.606957 1.092294 -0.821277 -0.542290 1.142198 2.402244 1.277095 -0.549966 -0.180729 -0.180729 -0.180729 ] 
[-0.180729 0.055263 -0.051554 -0.245782 1.142198 2.377265 2.377265 -0.811464 -0.180729 -0.180729 -0.180729 -0.180729 ] 
[-0.180729 -0.180729 -0.188638 1.201818 2.331070 2.377265 -0.811464 -0.180729 -0.180729 -0.180729 -0.180729 -0.180729 ] 
[-0.180729 -0.244624 1.661181 2.326159 2.002421 -0.426527 0.338842 0.853713 0.410650 -0.180729 -0.180729 -0.180729 ] 
[-0.020594 1.589736 2.125211 1.465890 0.679576 1.444900 1.461843 1.031929 0.400431 -0.180729 -0.180729 -0.180729 ] 
[0.457564 1.592086 0.779924 -0.068123 0.464047 0.622059 0.617645 -0.720279 -0.370993 -0.180729 -0.180729 -0.180729 ] 
[0.046076 0.192493 -0.180729 -0.180729 -0.180729 -0.180729 -0.180729 -0.180729 -0.180729 -0.180729 -0.180729 -0.180729 ] 
[-0.180729 -0.180729 -0.180729 -0.180729 -0.180729 -0.180729 -0.180729 -0.180729 -0.180729 -0.180729 -0.180729 -0.180729 ] 
] 
[[-0.034279 -0.034279 -0.034279 -0.034279 -0.034279 -0.034279 -0.034279 -0.034279 -0.034279 -0.034279 -0.034279 -0.034279 ] 
[-0.034279 -0.034279 -0.034279 -0.034279 -0.238693 0.188586 0.644951 1.236184 0.506155 -0.034279 -0.034279 -0.034279 ] 
[-0.034279 -0.034279 -0.592720 -0.172331 0.593558 0.852379 0.350300 2.616833 1.894920 -0.034279 -0.034279 -0.034279 ] 
[-0.034279 -0.493992 -0.012257 1.575217 1.820000 1.466387 -0.371966 3.187665 2.491880 -0.034279 -0.034279 -0.034279 ] 
[-0.034279 -0.221166 0.974119 1.863939 1.089966 -0.370732 1.523347 2.930722 1.858080 -0.034279 -0.034279 -0.034279 ] 
[-0.034279 -0.034279 0.195494 0.389930 -0.876189 1.257748 2.494672 2.392359 0.410729 -0.034279 -0.034279 -0.034279 ] 
[-0.034279 -0.034279 -0.041668 -0.854726 1.218868 2.494672 2.494672 0.644232 -0.034279 -0.034279 -0.034279 -0.034279 ] 
[-0.034279 -0.095065 -0.603417 1.274970 2.393773 2.439995 0.432478 1.236184 0.506155 -0.034279 -0.034279 -0.034279 ] 
[-0.034279 -1.804700 0.935457 1.882543 2.143661 0.673198 0.636897 2.194539 1.303924 -0.034279 -0.034279 -0.034279 ] 
[-0.034279 -0.234746 1.158602 1.251004 1.008058 1.008058 1.170753 2.215763 1.440902 -0.034279 -0.034279 -0.034279 ] 
[-0.034279 0.191373 0.805521 0.805521 0.805521 0.805521 0.854340 0.907357 0.452651 -0.034279 -0.034279 -0.034279 ] 
[-0.034279 -0.034279 -0.034279 -0.034279 -0.034279 -0.034279 -0.034279 -0.034279 -0.034279 -0.034279 -0.034279 -0.034279 ] 
] 
[[-0.139066 -0.139066 -0.139066 -0.139066 -0.139066 -0.139066 -0.139066 -0.139066 -0.139066 -0.139066 -0.139066 -0.139066 ] 
[-0.139066 -0.139066 -0.113622 -0.071746 -0.306155 -0.095884 0.151156 0.007824 0.046007 -0.139066 -0.139066 -0.139066 ] 
[-0.139066 -0.071481 -0.417391 0.097903 0.206062 0.505489 0.270170 1.094835 0.870975 -0.139066 -0.139066 -0.139066 ] 
[-0.139066 -0.208233 0.190610 1.331053 1.462189 1.442075 0.777706 1.563242 1.649545 -0.139066 -0.139066 -0.139066 ] 
[-0.139066 0.345676 0.295185 1.492827 0.935900 -0.107718 0.516426 1.288800 1.437301 -0.139066 -0.139066 -0.139066 ] 
[-0.139066 0.076904 0.062423 0.240600 -0.535163 0.571741 1.476907 1.362460 0.614653 -0.139066 -0.139066 -0.139066 ] 
[-0.139066 -0.071481 -0.102253 -0.492133 0.566901 1.476907 1.476907 0.731951 -0.139066 -0.139066 -0.139066 -0.139066 ] 
[-0.071481 -0.071481 -0.337806 0.220625 1.052961 1.408398 0.512567 0.007824 0.046007 -0.139066 -0.139066 -0.139066 ] 
[-0.139066 -0.386828 0.656607 1.580401 1.129654 0.671543 0.211806 1.231330 0.811126 -0.139066 -0.139066 -0.139066 ] 
[0.161554 0.089547 1.263415 1.263415 1.263415 1.263415 1.263415 1.381631 1.168581 -0.139066 -0.139066 -0.139066 ] 
[0.064275 0.265544 0.773912 0.773912 0.773912 0.773912 0.773912 0.508217 0.314581 -0.139066 -0.139066 -0.139066 ] 
[-0.139066 -0.139066 -0.139066 -0.139066 -0.139066 -0.139066 -0.139066 -0.139066 -0.139066 -0.139066 -0.139066 -0.139066 ] 
] 
[[-0.112876 -0.112876 -0.112876 -0.112876 -0.112876 -0.112876 -0.112876 -0.112876 -0.112876 -0.112876 -0.112876 -0.112876 ] 
[-0.112876 -0.112876 -0.112876 -0.012314 0.546881 0.730108 0.731207 0.346585 0.171955 -0.112876 -0.112876 -0.112876 ] 
[-0.112876 -0.048334 0.563814 1.097066 1.106891 1.669478 1.655769 1.981194 0.726879 -0.112876 -0.112876 -0.112876 ] 
[-0.112876 0.181607 0.783509 1.185436 1.311202 0.838282 1.254823 1.861988 1.297098 -0.112876 -0.112876 -0.112876 ] 
[-0.112876 0.069353 0.372111 0.586762 0.177059 0.786206 0.756862 1.036569 1.281921 -0.112876 -0.112876 -0.112876 ] 
[-0.112876 -0.112876 -0.112876 -0.027979 0.786206 0.819949 0.920602 1.092049 0.529715 -0.112876 -0.112876 -0.112876 ] 
[-0.112876 -0.112876 0.014877 0.745390 0.815599 0.920602 0.920602 0.473017 -0.112876 -0.112876 -0.112876 -0.112876 ] 
[-0.112876 0.130240 0.564577 0.850684 0.776213 0.881813 0.713965 0.184986 0.171955 -0.112876 -0.112876 -0.112876 ] 
[-0.019091 0.972939 1.459454 1.778084 1.765990 1.623248 1.723985 1.807532 0.752415 -0.112876 -0.112876 -0.112876 ] 
[0.050375 0.171415 0.923140 1.613346 1.685603 1.341165 1.106745 1.511312 1.113618 -0.112876 -0.112876 -0.112876 ] 
[-0.112876 -0.112876 -0.112876 -0.112876 -0.112876 -0.112876 -0.112876 -0.026014 0.097403 -0.112876 -0.112876 -0.112876 ] 
[-0.112876 -0.112876 -0.112876 -0.112876 -0.112876 -0.112876 -0.112876 -0.112876 -0.112876 -0.112876 -0.112876 -0.112876 ] 
] 
[[-0.047726 -0.047726 -0.047726 -0.047726 -0.047726 -0.047726 -0.047726 -0.047726 -0.047726 -0.047726 -0.047726 -0.047726 ] 
[-0.047726 -0.047726 -0.047726 -0.047726 -0.364037 -0.260506 -0.236635 0.141362 -0.026633 -0.047726 -0.047726 -0.047726 ] 
[-0.047726 -0.047726 -0.337735 -0.228574 0.337759 0.056817 -0.065003 0.615689 0.387669 -0.047726 -0.047726 -0.047726 ] 
[-0.047726 0.055487 0.306131 0.678793 0.459385 0.296314 -0.464946 -0.373561 -0.015123 -0.047726 -0.047726 -0.047726 ] 
[-0.047726 0.427341 0.385730 -0.054935 -0.354558 -0.431269 0.456630 0.314000 -0.315726 -0.047726 -0.047726 -0.047726 ] 
[-0.047726 0.156471 0.098413 -0.105059 -0.322969 0.534392 0.534392 -0.113716 -0.047726 -0.047726 -0.047726 -0.047726 ] 
[-0.047726 -0.047726 -0.054696 -0.314958 0.520204 0.534392 -0.032139 -0.047726 -0.047726 -0.047726 -0.047726 -0.047726 ] 
[-0.047726 -0.105059 -0.454411 0.536723 0.446310 -0.106379 -0.479754 0.141362 -0.026633 -0.047726 -0.047726 -0.047726 ] 
[0.001751 -0.223814 0.343101 0.209984 -0.402642 0.077940 0.062546 0.563436 0.337298 -0.047726 -0.047726 -0.047726 ] 
[0.284223 0.568013 0.110067 -0.349361 -0.120048 0.041232 0.099204 -0.453542 -0.035443 -0.047726 -0.047726 -0.047726 ] 
[0.147470 0.321379 0.095917 -0.047726 -0.047726 -0.047726 -0.047726 -0.047726 -0.047726 -0.047726 -0.047726 -0.047726 ] 
[-0.047726 -0.047726 -0.047726 -0.047726 -0.047726 -0.047726 -0.047726 -0.047726 -0.047726 -0.047726 -0.047726 -0.047726 ] 
] 
[[-0.071488 -0.071488 -0.071488 -0.071488 -0.071488 -0.071488 -0.071488 -0.071488 -0.071488 -0.071488 -0.071488 -0.071488 ] 
[-0.071488 -0.071488 -0.071488 -0.071488 -0.353701 -0.484631 -0.484499 -0.266355 -0.071488 -0.071488 -0.071488 -0.071488 ] 
[-0.071488 -0.071488 -0.269736 0.265749 1.105600 1.069099 0.979383 0.991825 0.474775 -0.071488 -0.071488 -0.071488 ] 
[-0.071488 -0.061521 0.827417 0.843233 1.022596 0.088872 -0.923978 0.024518 0.306345 -0.071488 -0.071488 -0.071488 ] 
[-0.071488 -0.082788 0.146527 -0.155363 -0.380564 -0.301265 0.702352 0.648149 -0.080376 -0.071488 -0.071488 -0.071488 ] 
[-0.071488 -0.071488 0.001012 -0.278412 -0.301265 0.698296 0.698296 0.219056 -0.071488 -0.071488 -0.071488 -0.071488 ] 
[-0.071488 -0.071488 -0.096644 -0.361891 0.704692 0.698296 0.272347 -0.071488 -0.071488 -0.071488 -0.071488 -0.071488 ] 
[-0.071488 -0.278412 -0.245942 0.346849 0.708743 0.107690 -0.509193 -0.266355 -0.071488 -0.071488 -0.071488 -0.071488 ] 
[-0.071488 0.339847 1.003082 0.590489 0.539330 1.101546 1.347086 1.181618 0.682329 -0.071488 -0.071488 -0.071488 ] 
[-0.071488 0.377153 0.447104 0.372315 0.937448 0.904553 0.714107 0.434334 0.249280 -0.071488 -0.071488 -0.071488 ] 
[-0.071488 -0.071488 -0.071488 -0.071488 -0.071488 -0.071488 -0.071488 -0.071488 -0.071488 -0.071488 -0.071488 -0.071488 ] 
[-0.071488 -0.071488 -0.071488 -0.071488 -0.071488 -0.071488 -0.071488 -0.071488 -0.071488 -0.071488 -0.071488 -0.071488 ] 
] 
[[-0.071127 -0.071127 -0.071127 -0.071127 -0.071127 -0.071127 -0.071127 -0.071127 -0.071127 -0.071127 -0.071127 -0.071127 ] 
[-0.071127 -0.071127 -0.056314 0.256593 0.252291 0.458306 0.459114 0.224508 0.074567 -0.071127 -0.071127 -0.071127 ] 
[-0.071127 0.302948 0.545932 1.056736 1.190025 1.369506 1.291224 0.715051 0.200567 -0.071127 -0.071127 -0.071127 ] 
[-0.071127 0.625004 0.771371 1.005912 -0.171933 -0.819512 -0.264777 -0.386603 -0.203754 -0.071127 -0.071127 -0.071127 ] 
[-0.071127 0.228934 -0.268355 -0.689454 0.267513 0.629040 0.622718 0.103140 -0.408385 -0.071127 -0.071127 -0.071127 ] 
[-0.071127 -0.071127 -0.071127 0.302948 0.629040 0.629040 0.350904 -0.637931 -0.071127 -0.071127 -0.071127 -0.071127 ] 
[-0.071127 -0.071127 0.302637 0.679262 0.647496 0.350904 -0.637931 -0.071127 -0.071127 -0.071127 -0.071127 -0.071127 ] 
[-0.071127 0.554759 0.736811 1.067716 0.452823 -0.301928 0.091388 0.105661 0.074567 -0.071127 -0.071127 -0.071127 ] 
[0.484310 0.965614 1.031502 0.164565 1.047072 1.214145 1.220680 0.625108 0.180265 -0.071127 -0.071127 -0.071127 ] 
[0.169451 0.389835 -0.178860 -0.171359 -0.041381 -0.060373 -0.438009 -0.557782 -0.434242 -0.071127 -0.071127 -0.071127 ] 
[-0.071127 -0.071127 -0.071127 -0.071127 -0.071127 -0.071127 -0.071127 -0.071127 -0.071127 -0.071127 -0.071127 -0.071127 ] 
[-0.071127 -0.071127 -0.071127 -0.071127 -0.071127 -0.071127 -0.071127 -0.071127 -0.071127 -0.071127 -0.071127 -0.071127 ] 
] 
[[-0.272847 -0.272847 -0.272847 -0.272847 -0.272847 -0.272847 -0.272847 -0.272847 -0.272847 -0.272847 -0.272847 -0.272847 ] 
[-0.272847 -0.272847 -0.251609 -0.216655 -0.428794 -0.319337 -0.318770 -0.081594 -0.128269 -0.272847 -0.272847 -0.272847 ] 
[-0.272847 -0.216433 -0.444783 -0.639595 -1.533112 -0.921475 -0.624190 -0.925342 -0.498593 -0.272847 -0.272847 -0.272847 ] 
[-0.272847 -0.291080 -0.942797 0.101158 0.913240 0.793710 0.387247 -0.315476 -0.364536 -0.272847 -0.272847 -0.272847 ] 
[-0.272847 -0.130052 0.666062 0.862952 0.514461 -0.415963 -1.161108 0.042939 0.090661 -0.272847 -0.272847 -0.272847 ] 
[-0.272847 -0.165022 0.038393 -0.033022 -0.470383 -1.393038 0.414187 0.389120 -0.103943 -0.272847 -0.272847 -0.272847 ] 
[-0.272847 -0.216433 -0.242352 -0.479654 -1.375462 0.414187 0.414187 0.036464 -0.272847 -0.272847 -0.272847 -0.272847 ] 
[-0.216433 -0.216433 -0.586745 -1.407222 0.645466 0.424116 -0.115054 -0.081594 -0.128269 -0.272847 -0.272847 -0.272847 ] 
[-0.256684 -0.520150 -1.177405 -0.606400 -0.357647 -1.298819 -1.753552 -1.189185 -0.525354 -0.272847 -0.272847 -0.272847 ] 
[-0.272847 0.188154 0.599988 0.599988 0.599988 0.599988 0.673918 0.767407 0.107225 -0.272847 -0.272847 -0.272847 ] 
[-0.183583 0.352400 0.599323 0.471195 0.471195 0.471195 0.471195 0.290285 -0.230549 -0.272847 -0.272847 -0.272847 ] 
[-0.272847 -0.272847 -0.272847 -0.272847 -0.272847 -0.272847 -0.272847 -0.272847 -0.272847 -0.272847 -0.272847 -0.272847 ] 
] 
[[-0.232937 -0.232937 -0.232937 -0.232937 -0.232937 -0.232937 -0.232937 -0.232937 -0.232937 -0.232937 -0.232937 -0.232937 ] 
[-0.232937 -0.232937 -0.232937 -0.232937 -0.633132 -0.692099 -0.737230 -0.377775 -0.232937 -0.232937 -0.232937 -0.232937 ] 
[-0.232937 -0.232937 -0.810042 -1.585297 0.161270 0.715325 0.042274 -0.826412 -0.512949 -0.232937 -0.232937 -0.232937 ] 
[-0.232937 -0.220518 0.897176 2.255797 2.392583 2.955069 2.322698 1.023595 -0.160083 -0.232937 -0.232937 -0.232937 ] 
[-0.232937 1.276523 2.324199 2.008612 0.968589 -0.717571 0.804576 0.998392 0.146642 -0.232937 -0.232937 -0.232937 ] 
[-0.232937 0.270622 0.367205 0.151118 -1.100861 1.054053 1.726795 0.935613 -0.105579 -0.232937 -0.232937 -0.232937 ] 
[-0.232937 -0.232937 -0.248565 -1.111825 1.050305 1.749287 1.262244 0.108153 -0.232937 -0.232937 -0.232937 -0.232937 ] 
[-0.232937 -0.361494 -1.559526 0.754213 1.763845 1.140817 -0.356094 -0.364331 -0.232937 -0.232937 -0.232937 -0.232937 ] 
[-0.232937 -0.489486 0.483453 0.202738 -0.515654 -1.428402 -1.084679 -0.775165 -0.396122 -0.232937 -0.232937 -0.232937 ] 
[0.673315 2.513771 3.184099 3.149315 3.149315 3.149315 3.149315 2.100925 0.311384 -0.232937 -0.232937 -0.232937 ] 
[0.234580 1.189708 1.672176 1.672176 1.672176 1.672176 1.672176 1.026701 0.133083 -0.232937 -0.232937 -0.232937 ] 
[-0.232937 -0.232937 -0.232937 -0.232937 -0.232937 -0.232937 -0.232937 -0.232937 -0.232937 -0.232937 -0.232937 -0.232937 ] 
] 
] 
