-0.007216
0.051915
-0.042417
0.123928
0.110610
-0.010040
-0.037694
-0.111806
-0.005333
-0.053844
0.019447
-0.027101
0.045571
0.061854
0.029704
0.093814
0.044711
0.094913
-0.036936
0.046479
-0.071713
-0.051142
-0.067743
-0.028472
0.028269
-0.014914
0.010632
0.125486
0.030556
0.031651
0.053645
-0.023698
-0.059651
0.023313
-0.005258
-0.069558
-0.129858
-0.009147
-0.042578
0.050623
-0.016036
-0.059758
0.013310
0.029720
0.000624
-0.073633
0.034553
-0.062061
0.037018
0.024989
0.101609
0.029606
-0.038485
0.021984
0.056966
0.024968
-0.054130
-0.080946
0.102135
-0.083807
-0.067291
-0.051075
-0.056806
0.006374
0.172229
-0.034918
-0.032436
-0.009709
-0.046874
-0.031900
-0.002955
-0.070737
-0.019041
-0.014565
-0.050323
-0.031272
0.012047
-0.074146
0.106502
0.045671
-0.041693
-0.031828
0.025141
0.018659
-0.032244
0.032817
-0.078824
-0.009527
0.074823
0.030279
0.026426
-0.131388
0.018000
-0.015566
-0.034456
-0.055092
0.052228
0.021248
0.062219
-0.014800
0.099768
-0.014462
-0.009072
-0.107272
0.106502
-0.010633
-0.106072
0.089889
0.029036
0.011766
-0.024620
-0.088944
0.062509
0.000134
0.037728
-0.035512
-0.024388
-0.034429
0.078546
-0.009875
0.044696
-0.082457
-0.051852
-0.034807
0.069917
0.152942
-0.000084
0.067501
-0.086442
0.051274
-0.004782
0.036709
-0.005623
-0.093733
-0.020877
-0.014359
0.081005
-0.041124
0.000575
-0.106373
-0.081148
0.038251
0.034435
0.066591
-0.065440
-0.018750
0.007812
-0.003960
0.033895
0.027254
0.085963
0.092255
0.034934
-0.090797
0.067327
-0.002916
0.097897
0.047987
0.022302
-0.086246
-0.067587
0.028390
-0.078026
-0.060696
0.024867
-0.014673
-0.066438
-0.023964
0.102894
-0.017127
0.037042
0.129095
-0.014878
-0.037117
-0.112465
-0.019910
-0.043548
-0.069115
0.005723
-0.041485
-0.081142
0.035113
-0.033841
-0.010925
-0.075381
0.010542
0.070943
-0.018644
0.026968
-0.065846
0.021259
0.078615
0.009035
0.034481
0.047342
0.046537
0.046847
-0.025262
-0.026967
-0.046720
0.039927
-0.054915
0.046671
-0.071807
0.048930
-0.063658
0.069861
-0.021008
0.065422
-0.010047
0.008889
0.049850
-0.018178
-0.052974
-0.062463
0.044558
-0.066357
-0.093483
-0.031828
-0.043934
0.012549
0.012563
-0.028043
-0.076106
-0.080184
-0.013935
-0.029541
0.029803
-0.035345
0.005919
0.026343
0.100702
-0.063355
-0.112450
-0.076624
0.095316
-0.018917
-0.007050
0.017269
-0.058769
0.145763
-0.086826
0.023509
0.001723
-0.070941
-0.013633
-0.113361
0.019900
-0.015395
-0.043361
0.058202
0.045895
-0.039342
0.034569
0.063446
0.032104
-0.017886
0.029383
0.172039
0.133604
-0.036045
0.039294
0.052170
-0.049612
0.073488
0.036940
-0.064875
-0.109549
0.073489
0.101308
0.030831
0.006803
-0.106921
-0.044168
0.001493
-0.034159
0.014174
0.031041
0.022018
0.049403
0.032312
0.057189
0.008974
-0.029340
-0.006300
0.055888
-0.052562
-0.026956
0.078496
-0.046616
0.046548
0.136344
0.050407
0.160420
-0.077890
-0.010334
0.039891
-0.008438
-0.121946
-0.108781
0.073116
0.001883
0.008275
-0.005329
0.041981
-0.049579
-0.025681
0.049719
-0.032405
-0.034305
0.052303
0.001289
-0.120000
0.034573
-0.003398
0.075719
0.028090
0.043837
-0.074417
0.045956
0.103339
-0.061812
0.036203
-0.078815
0.094652
-0.071658
0.026004
0.012060
-0.003713
0.029130
0.016366
0.064816
-0.081888
0.135015
-0.082458
-0.048565
0.014958
-0.104649
-0.032326
-0.001981
0.015667
-0.115813
0.002217
0.015021
0.021991
-0.039548
-0.033144
0.076780
0.096218
-0.074277
0.038582
-0.053420
-0.097337
-0.083812
0.095599
-0.046468
-0.085857
0.052936
-0.004151
0.061249
0.024449
-0.054580
0.064429
0.064541
0.106417
0.088834
0.047072
0.049392
-0.038251
-0.063259
-0.002873
-0.033667
-0.018664
0.027012
-0.013053
0.040376
-0.049771
-0.028298
0.068206
-0.038767
0.028355
0.191850
0.037410
-0.074806
-0.040698
-0.046444
-0.042387
-0.065922
0.005309
-0.079254
-0.063028
-0.067061
-0.054406
0.044963
-0.029835
-0.014276
-0.123198
-0.021680
-0.018719
-0.022225
-0.129779
0.092102
0.129104
-0.044213
0.033392
-0.094929
0.002696
0.053372
-0.073910
-0.032880
0.013504
-0.052520
-0.023868
0.119967
-0.065630
0.113797
0.048740
-0.043110
-0.054358
-0.026589
-0.023996
0.062081
0.075713
-0.030702
-0.020217
-0.018391
0.041707
-0.060771
0.002931
-0.028303
-0.042921
0.070026
0.019683
0.027020
-0.032728
0.076979
0.043065
0.157217
0.038741
0.020526
-0.076052
0.080910
0.112693
0.090556
-0.032874
-0.023026
-0.097209
0.056449
0.018424
0.030446
-0.052045
-0.085963
-0.043236
0.045255
0.105711
-0.042426
0.033575
0.071452
0.083268
-0.013049
-0.039266
-0.037927
0.031401
-0.082056
-0.035690
-0.038617
0.060325
-0.073385
0.068746
-0.048196
-0.016930
-0.027335
0.002163
-0.111196
-0.007465
-0.048789
-0.066284
0.058305
0.004947
-0.064860
0.086434
0.054230
-0.088686
-0.006813
0.048574
0.043557
-0.044212
-0.007449
-0.076206
-0.107088
-0.018377
-0.055790
0.114700
0.030589
0.073817
0.030689
-0.131038
0.066336
-0.037776
-0.033906
-0.039343
-0.122217
0.058594
-0.044025
-0.032321
0.009445
0.017874
-0.013110
0.101177
-0.098326
-0.027580
-0.023115
0.053607
0.013137
-0.009666
-0.040351
-0.004168
-0.031793
-0.018875
-0.013840
-0.029057
0.004848
-0.032836
-0.042675
0.036919
0.028820
-0.064113
-0.060371
-0.070718
0.011598
0.011888
0.052748
-0.013751
-0.030097
0.092484
0.047960
0.027563
0.141312
-0.020783
-0.013737
0.029443
0.040437
-0.049671
-0.102424
0.025137
0.092760
-0.027649
0.083917
0.095677
0.021905
0.015555
0.042904
0.048472
-0.001408
-0.138300
0.010365
-0.011945
0.086248
-0.000757
-0.012367
0.052066
0.007507
0.062362
-0.004958
-0.015877
-0.016815
-0.062925
-0.040428
0.035809
-0.103949
0.028464
-0.002569
0.073620
0.000310
-0.095137
0.008532
0.051756
-0.015558
0.010283
0.052757
0.038931
0.064008
-0.009532
-0.053059
-0.002671
0.077646
0.039795
0.006405
0.011492
0.077015
-0.031205
0.117254
-0.069392
0.053351
-0.045752
0.042937
-0.062867
0.023408
0.052022
0.030528
0.014032
0.041101
-0.009579
0.071776
-0.071014
-0.019362
-0.008996
0.071835
-0.016469
-0.131762
-0.033070
-0.116276
0.001317
0.047165
-0.026960
-0.073318
0.074214
-0.044689
0.084632
-0.065803
-0.005806
0.072716
-0.018535
0.020304
0.016386
-0.138140
-0.022229
-0.001695
0.084516
-0.024055
-0.013143
0.033729
-0.025497
0.065026
0.056373
0.056340
0.042728
-0.030762
0.093980
0.015319
-0.077257
-0.031063
0.078609
-0.026018
0.083102
-0.033211
0.069094
0.025982
0.092743
0.011569
0.021779
-0.038026
0.051171
0.049449
-0.025855
0.017078
0.010836
-0.073973
0.013527
0.041586
0.080256
-0.017290
0.039648
0.078312
0.148596
0.043289
-0.078686
-0.030249
0.114756
0.054745
-0.020034
0.012572
-0.018554
0.014303
-0.022544
0.033889
-0.092466
-0.004916
-0.018993
-0.061608
-0.005681
0.000537
-0.107086
-0.004135
0.117985
0.140322
0.097161
-0.080166
-0.045386
0.003819
0.100672
0.066006
0.002802
0.047114
0.114633
-0.030945
-0.195380
-0.041148
0.113839
0.208629
0.034055
-0.064949
-0.003815
0.011791
0.042864
-0.029880
-0.063842
0.064013
-0.045241
0.109462
-0.037186
-0.041476
-0.052531
0.056205
-0.082341
-0.027845
0.008845
-0.156945
0.012957
0.052765
-0.100136
0.055481
0.031142
-0.014740
0.062776
0.064342
-0.102124
0.042003
-0.050571
-0.047506
0.032014
-0.009826
-0.041887
0.046459
-0.120613
-0.066177
-0.008666
-0.045315
0.020912
-0.076187
-0.100109
-0.002696
-0.072581
-0.033924
0.006016
0.006761
0.156425
0.118896
0.014351
-0.054189
-0.036638
0.135084
0.015717
0.170035
-0.037719
0.016073
0.032250
-0.086225
0.102248
-0.053225
0.001380
0.011338
-0.131003
0.097228
0.002397
-0.071632
0.033350
0.061906
-0.077482
-0.016756
0.049300
0.051826
-0.198793
0.010052
0.075685
0.039466
0.033368
0.008970
-0.041075
-0.063920
0.134264
0.023238
-0.086787
-0.012931
0.017743
0.049185
-0.052683
-0.004182
-0.044397
0.019104
-0.081155
0.076451
-0.068622
-0.012288
0.001828
-0.037471
0.008317
-0.188245
0.023989
0.044098
0.009669
0.038385
-0.132536
0.039394
-0.015077
0.024293
-0.006652
-0.025823
-0.021028
0.000401
0.022257
-0.043439
0.028675
0.002414
0.175805
-0.093393
0.004468
-0.033350
-0.016446
0.035790
-0.044973
0.009316
-0.013881
-0.103193
0.014130
0.035537
-0.032674
-0.046183
-0.027926
-0.071148
0.007886
0.008922
0.032980
-0.073376
0.103043
0.097065
0.050056
0.057124
0.048138
0.020767
0.085409
-0.073368
0.060178
0.112832
-0.050463
0.032817
-0.053190
0.063025
0.076618
-0.067171
-0.066084
0.011479
0.019270
-0.072449
-0.110870
-0.041771
-0.059571
0.001148
0.083828
-0.049313
0.007871
0.011163
0.058619
-0.001134
-0.010938
0.049774
-0.050399
-0.082363
-0.009301
-0.034014
0.010719
-0.063533
-0.001083
0.035855
0.028823
-0.119378
-0.026009
0.011400
-0.013639
0.069782
0.049280
0.044605
0.113385
0.060101
0.059686
0.053253
0.010397
-0.065056
-0.011537
-0.070067
0.004701
-0.012570
0.030454
0.047202
-0.068085
-0.056699
-0.034205
-0.004141
0.075611
-0.028071
0.024682
-0.022425
0.084095
-0.021055
0.037000
-0.064060
0.064536
0.063848
-0.073117
0.124699
0.092594
0.102344
-0.042365
-0.055086
-0.000744
-0.035570
0.034249
0.103582
-0.032579
-0.003528
0.037180
0.052306
0.103707
-0.038629
0.000653
0.037327
-0.062008
-0.009437
-0.023915
0.080533
0.004322
-0.065615
0.022616
0.020036
0.031713
0.035849
0.001593
0.011008
-0.127321
-0.001609
0.050423
-0.072315
-0.143678
0.072315
-0.013140
-0.009172
0.097722
-0.079748
-0.002690
-0.015192
0.014008
-0.101222
-0.005915
0.148427
0.011257
0.101520
0.031939
-0.005368
0.077363
0.003613
-0.036049
0.080586
-0.046291
0.068222
-0.048658
0.112031
-0.101819
0.003590
-0.030553
-0.008894
-0.091078
0.001307
0.060323
0.032361
0.041960
-0.088833
0.037889
0.022594
0.027037
0.028240
-0.078265
-0.094734
0.125895
-0.043797
0.010411
0.095267
0.021468
0.020679
-0.003962
0.090330
0.140140
-0.045691
0.110114
0.064134
0.045909
-0.118618
-0.018914
-0.020820
0.077812
0.005553
-0.011130
-0.151632
-0.121981
0.122276
0.028806
0.062081
0.094794
-0.147547
0.003448
0.066949
-0.093338
0.025039
-0.015297
0.236458
0.048992
-0.139560
-0.025445
0.025729
-0.087175
0.052437
0.053668
0.026700
-0.060306
0.086365
-0.060096
-0.020702
-0.091220
-0.107143
0.094377
0.013413
0.060905
-0.026161
0.038259
-0.089650
0.039227
0.081832
0.017282
-0.073026
0.091598
-0.009641
0.060469
0.020484
-0.048078
0.085050
-0.019605
-0.065211
-0.099594
0.099793
-0.214103
0.044245
-0.077459
0.101700
0.023814
0.016216
0.147288
0.034604
-0.057337
-0.003157
-0.135049
-0.106797
-0.116870
0.053259
-0.051496
-0.044080
0.080020
-0.098509
-0.083310
0.058366
-0.011228
-0.069998
0.003633
0.109533
-0.032335
-0.151219
-0.095665
-0.037905
0.101310
-0.023191
-0.123695
0.170767
-0.101987
0.025389
-0.020672
0.065418
0.035357
-0.056467
-0.006872
-0.032843
0.194917
-0.038501
0.058905
-0.123184
0.024676
0.132843
0.032891
0.036804
-0.061065
-0.080071
-0.155852
0.074887
-0.055611
-0.028605
-0.074975
0.020594
-0.085409
0.015660
-0.076483
-0.098323
0.020908
0.062742
0.049549
-0.024078
-0.001760
0.098302
-0.081251
0.081668
0.080129
0.088753
-0.044863
-0.092279
-0.017953
-0.119534
0.110007
-0.082729
0.092438
0.047624
0.042111
-0.054046
0.095796
0.045026
-0.003306
0.069418
0.013055
0.093619
-0.109349
0.010250
0.007656
-0.047048
0.146614
0.015877
0.169151
0.035770
0.111699
0.135320
0.023297
0.148660
0.020622
0.088648
0.060172
0.119667
0.013522
-0.027598
0.087606
0.086416
-0.051417
-0.054377
-0.094931
0.092430
-0.030350
0.098046
-0.152872
0.078206
-0.086995
0.011645
-0.081867
0.063622
-0.052020
-0.059412
-0.056414
0.163608
0.042395
-0.000361
-0.009653
-0.083321
-0.092312
0.014893
0.105055
-0.075768
0.017737
0.166637
-0.007363
0.003888
-0.118712
-0.066770
0.037104
0.103343
0.023127
-0.017595
-0.024484
-0.107596
-0.116430
-0.050631
0.018657
0.016420
0.091338
-0.008327
-0.104092
-0.010951
-0.026305
-0.048830
-0.002544
-0.051712
0.047063
0.197400
-0.034699
0.089241
-0.071258
-0.018478
-0.070876
-0.075488
0.021798
0.012371
-0.074142
0.079309
0.118742
-0.061514
0.156255
-0.010184
0.086585
0.045431
0.008923
0.060706
-0.028964
0.015943
0.096562
-0.034467
-0.078623
0.003554
-0.053961
0.125640
0.059442
-0.065836
0.071548
0.092217
-0.076768
0.119717
0.038802
-0.078939
-0.028109
-0.007689
0.066758
0.008516
0.059980
0.022847
0.022910
-0.033544
-0.033030
0.024059
-0.048436
-0.028376
-0.161329
-0.025374
0.024529
-0.049836
0.111104
0.010078
0.014083
0.065336
0.074843
0.085942
-0.052489
0.038411
0.035414
-0.059251
0.069065
0.074051
-0.067346
-0.051223
-0.029918
0.059457
0.170993
-0.110303
0.020508
-0.020413
0.149377
0.033151
-0.001989
-0.073599
-0.049583
-0.050974
0.062263
0.010192
-0.067881
-0.009179
0.042217
-0.007610
0.039299
0.045169
0.064336
0.030138
-0.033745
0.083796
0.075634
-0.068280
-0.102476
0.134117
-0.095094
-0.023585
0.113875
0.111347
0.018588
-0.025002
-0.050296
-0.091187
-0.045218
-0.093513
-0.036862
-0.081263
0.029378
0.072681
-0.095570
-0.006656
0.036402
-0.081087
-0.114647
-0.052029
0.136405
-0.014146
0.001908
-0.061972
0.143815
0.018693
-0.166157
-0.040194
0.136469
0.000540
0.159232
-0.036785
0.139064
0.041543
0.108929
0.004846
0.069534
0.060464
0.039009
0.103316
0.032821
-0.024599
-0.110872
-0.006855
0.155275
0.082948
-0.011549
-0.030912
-0.099419
-0.037052
-0.035095
-0.055741
-0.026199
0.072389
0.022477
-0.004288
0.126041
0.063090
0.073341
0.124983
-0.049346
0.101550
0.019665
0.061720
0.135153
0.032391
0.031532
-0.117722
0.032706
-0.086134
-0.031744
-0.043145
0.076439
0.181007
-0.064820
0.018483
-0.051970
-0.008079
0.022421
0.059806
0.073399
0.153930
0.025627
-0.180817
0.019801
0.055560
0.069047
0.070806
-0.103637
0.027929
-0.107712
-0.023617
0.021746
0.050287
0.120392
-0.029108
0.059257
0.002775
0.051268
0.017105
0.048227
-0.082735
-0.034632
-0.071186
-0.037411
-0.029889
0.077765
-0.026407
-0.139258
0.113460
0.004149
-0.068574
0.156536
0.006527
0.016448
0.019747
0.028363
0.030306
-0.043658
0.131483
-0.055786
0.041295
0.073334
-0.067092
0.041362
0.016084
-0.098258
-0.036430
-0.030991
-0.047312
0.015585
-0.042472
-0.070230
0.059004
0.049170
-0.004765
-0.076302
0.010560
0.069507
-0.081835
0.017590
0.006221
0.067663
0.027311
0.071452
-0.064894
-0.078175
-0.108711
0.042517
0.079620
-0.015938
-0.067571
-0.028535
0.012881
-0.126414
-0.130758
0.056201
-0.009074
-0.102563
0.044366
-0.057288
-0.034033
-0.118133
-0.039192
0.017068
-0.083934
-0.100889
0.078463
0.150550
0.132770
-0.129376
-0.019147
-0.059933
-0.125202
0.024875
-0.053929
0.009793
0.129114
0.030717
0.067173
-0.106136
0.005505
-0.037826
0.025563
0.043301
-0.020846
0.024542
0.036657
-0.003369
-0.100324
0.040570
-0.022725
-0.076052
-0.147863
0.043724
-0.185040
-0.003178
-0.102084
0.061610
-0.012248
-0.024864
-0.055350
0.007308
-0.014431
-0.150762
0.140698
0.085515
-0.083908
0.116589
0.057510
-0.067943
0.109839
0.076323
0.121110
-0.048292
-0.078741
0.006324
-0.117853
-0.065181
0.021882
0.023952
-0.013647
0.086295
-0.044006
0.097905
0.007386
0.123331
0.043255
0.116049
0.029188
0.039567
-0.034384
-0.016640
0.032453
-0.059348
-0.049470
-0.024571
0.086865
-0.074682
-0.056659
0.139234
0.155215
-0.029797
0.089103
-0.084961
0.080752
-0.052750
0.039316
-0.051301
-0.163155
0.041256
0.017045
-0.070522
-0.028799
-0.108872
-0.041986
-0.011740
0.079428
-0.041052
0.060197
-0.067093
-0.132635
0.114025
0.050288
0.039623
-0.065190
0.012413
0.020484
0.030034
0.109149
0.092198
-0.076267
0.041346
-0.060482
-0.050304
0.001471
-0.049192
0.064963
0.101667
-0.019483
-0.130229
-0.062010
-0.082560
-0.122582
0.083531
-0.072986
0.103061
0.020317
-0.041486
-0.032019
0.141320
0.045106
0.009045
-0.019554
-0.055756
0.044617
-0.119460
0.021658
-0.033395
0.054454
0.088122
0.060344
0.000602
0.035309
-0.021058
-0.033721
-0.085571
0.108811
0.002352
-0.027292
0.128901
0.037700
0.047687
-0.012740
-0.004441
0.008266
-0.008329
0.082199
-0.030175
-0.051665
0.082930
0.082995
-0.094277
-0.000980
0.010832
0.070568
0.055877
0.047838
-0.064373
0.041320
0.000942
0.008074
-0.105966
-0.004908
-0.056939
-0.076408
-0.097809
-0.021828
-0.043655
-0.083531
0.004511
-0.019448
-0.088118
0.003013
0.157530
0.001824
-0.042596
0.034495
0.091984
0.068676
0.041659
0.070472
-0.026069
0.073826
0.138419
-0.067988
-0.003135
-0.001850
-0.009689
-0.089463
-0.024512
-0.030005
-0.103037
-0.008245
-0.020418
0.043144
0.089562
0.101373
-0.024159
0.019068
0.173782
0.031950
-0.110521
0.089227
0.057507
0.095511
0.056795
-0.090433
-0.024496
0.011680
0.138178
-0.002052
-0.055321
-0.073229
-0.071869
0.027883
0.223749
0.046475
-0.049603
0.018922
-0.046963
-0.040718
0.009052
0.050235
0.012737
-0.004140
0.074329
-0.022803
0.130378
-0.039923
0.066881
0.073677
0.006712
-0.142932
0.107388
0.135711
0.014847
0.120556
-0.124584
0.147550
-0.067345
0.017904
-0.011556
0.055168
-0.099886
-0.056081
0.127308
0.012735
-0.058992
-0.102006
-0.020938
0.031958
-0.150191
0.004937
0.097546
-0.065240
0.000851
0.136000
-0.025802
-0.066048
0.094148
-0.029460
-0.191263
-0.059423
-0.042838
0.132872
-0.000872
-0.212108
-0.051011
-0.102121
0.059813
-0.076855
-0.020216
-0.040602
-0.002987
0.050283
-0.043230
-0.004770
0.018950
-0.142468
-0.060470
-0.073351
0.056672
-0.060436
-0.040579
-0.209719
-0.121420
-0.146109
0.010214
-0.057572
-0.007513
-0.025848
-0.041499
-0.084321
-0.008510
0.030820
0.084964
0.071874
0.048048
-0.011370
0.055083
0.115444
0.044952
-0.041139
0.057138
-0.166547
0.029134
0.053043
-0.028322
-0.015750
-0.012007
0.169544
0.063523
-0.025256
-0.099478
-0.034391
0.060241
-0.013035
0.039943
0.088412
-0.003757
-0.045252
-0.078728
-0.003879
0.019771
-0.029227
0.046571
-0.044476
0.024701
-0.008558
-0.021094
0.141640
0.007516
0.109676
-0.068218
0.013912
0.048997
-0.107545
-0.044779
0.196414
-0.052228
-0.116748
0.007473
-0.057513
-0.074149
-0.009193
0.089131
0.027074
-0.062562
-0.039409
0.000509
0.006273
0.030938
0.019951
-0.036878
-0.121721
-0.094795
0.081068
0.028787
-0.049259
0.076781
0.097896
0.133430
-0.149040
-0.044584
-0.065961
-0.047782
0.081045
0.120793
0.095912
0.087346
-0.018382
0.073041
0.000969
0.053579
-0.075840
-0.006786
-0.083451
0.018846
0.055331
0.017932
-0.043140
0.019596
-0.083735
-0.043716
-0.111239
0.147338
-0.095264
-0.082570
0.207291
0.034927
-0.064999
-0.020875
-0.160557
0.243281
0.105908
-0.056967
0.015409
-0.134257
0.030762
0.005038
-0.153492
-0.010633
0.043599
0.091409
-0.008212
-0.121085
0.073129
-0.033974
-0.126030
0.031135
-0.022102
0.000364
0.038362
0.076610
-0.176251
-0.015947
-0.014523
0.064990
0.075325
0.065692
-0.009240
-0.039779
0.012587
0.003030
0.027871
0.017932
-0.049330
0.044245
-0.002799
-0.008492
-0.054377
0.015506
-0.058709
-0.141344
-0.030640
-0.106207
0.062526
-0.037570
0.068033
0.060258
0.023931
0.054691
0.075891
-0.099839
-0.112024
-0.080472
-0.093939
-0.071477
-0.018368
-0.039479
0.159731
0.036754
-0.122658
0.037839
0.143740
-0.097318
-0.078674
0.160985
0.082803
0.086489
-0.018407
0.001751
0.097351
-0.038269
0.075511
0.068820
0.008071
-0.000667
-0.057555
-0.008144
-0.129717
-0.055772
0.005317
0.097763
0.078920
-0.062658
-0.051783
-0.033010
-0.103765
0.017140
-0.076042
-0.101670
-0.087980
0.057629
0.014814
-0.088059
0.000330
-0.125105
0.047280
0.012189
0.003095
-0.169247
0.005279
-0.040762
-0.033080
-0.007528
-0.072996
-0.079788
-0.082771
0.043794
0.008357
-0.157213
0.018055
0.047758
0.072723
-0.116802
-0.112077
-0.061708
-0.050349
0.008853
-0.022176
0.095331
0.021896
-0.108623
0.012026
0.101586
0.111512
0.027448
0.002614
0.048554
-0.047908
0.197250
0.096642
-0.034820
0.090998
-0.097825
-0.039432
-0.031807
-0.006184
-0.046799
-0.006582
0.018946
-0.051975
0.018051
0.010942
0.091392
-0.167348
-0.108890
0.046834
0.085029
0.056197
-0.020084
-0.092814
0.068941
0.062529
0.062706
0.012180
-0.051772
0.101910
0.069964
0.064319
0.073125
-0.032297
-0.029965
0.165280
0.059763
0.070292
-0.012022
-0.089482
0.060622
-0.048901
0.028418
0.027930
-0.058574
-0.096564
-0.039361
-0.102470
-0.066251
0.050631
-0.007351
-0.008479
0.101968
-0.097620
0.170302
0.004730
0.026017
-0.213467
-0.017264
0.086126
-0.038950
-0.004577
0.168886
0.032822
-0.094487
0.028248
-0.043892
0.005641
-0.069156
0.013153
0.072192
-0.038629
-0.099409
0.046086
0.138744
0.085731
0.064485
-0.057177
0.010933
0.138248
-0.004900
0.046980
-0.078518
0.108568
0.070564
-0.038538
-0.039372
0.052033
0.042405
0.076623
0.027203
0.092608
0.102018
0.088019
-0.074410
0.013083
0.037760
0.038496
0.004698
-0.068612
0.093805
0.066896
-0.101277
-0.027823
-0.002682
0.088938
-0.115104
0.011056
-0.032270
-0.120664
-0.028367
-0.108885
-0.100792
0.077353
0.085616
-0.024058
-0.122529
-0.128182
-0.141208
0.016511
-0.145749
0.072416
0.011884
0.039264
0.000489
0.015573
-0.017931
0.034792
0.051521
-0.020639
-0.101826
0.111534
0.068831
-0.103957
-0.062069
0.084522
0.102656
0.033017
0.026580
-0.013651
-0.069916
-0.038016
0.079991
-0.026459
0.045673
-0.065391
0.194083
-0.090896
-0.027986
0.070957
0.044157
-0.016420
-0.059656
0.079980
-0.136353
-0.006767
-0.099238
0.163983
-0.006647
-0.020801
-0.024448
0.029775
0.012320
-0.102182
-0.015824
-0.051299
-0.020809
0.179980
0.091098
0.115045
0.119345
0.146336
0.042185
-0.129455
0.074614
-0.102953
-0.038794
0.090111
-0.025313
0.053422
-0.002841
-0.026273
0.004023
-0.033082
-0.002668
-0.142221
0.072351
0.061600
0.025067
-0.093240
-0.101119
0.035945
-0.044739
-0.082959
-0.034890
-0.014816
-0.051368
0.190841
-0.037031
-0.003843
-0.074507
-0.029059
0.068512
-0.065436
-0.054246
0.093938
-0.031944
0.006367
0.025191
0.075029
-0.066627
-0.019972
-0.036252
0.255500
-0.016218
0.004783
0.024524
-0.028112
0.085729
-0.099195
-0.032356
-0.072968
0.004348
-0.075949
0.034964
0.088035
-0.054943
0.037208
0.017491
-0.002860
0.065194
0.049249
0.061751
0.103948
-0.023128
-0.047462
-0.058785
-0.071381
-0.049063
0.032339
0.019096
0.026719
0.015824
0.069747
-0.102864
-0.091255
-0.043897
0.048846
-0.078186
0.056519
0.023118
0.041277
-0.014553
-0.006652
-0.081202
-0.002646
0.057086
-0.025459
0.003441
-0.021070
0.025996
0.107594
0.065609
0.081934
-0.113078
0.141188
-0.038764
0.095007
-0.119023
0.008258
-0.047626
0.073294
-0.141149
-0.024915
0.169065
-0.047955
-0.081567
0.004857
-0.047123
-0.063957
0.037541
0.061793
-0.050652
0.008319
0.021200
0.063573
0.040319
-0.038536
0.005794
-0.100102
-0.074669
-0.045831
0.011012
0.073140
-0.055099
0.044277
0.021551
0.035069
0.018949
-0.016525
0.035250
0.067086
-0.031235
-0.031074
-0.060807
0.002142
0.002336
-0.105359
0.013492
-0.033032
0.053269
-0.052516
-0.060052
-0.093118
0.036923
0.033889
0.011397
0.057479
0.036947
-0.056180
-0.053485
-0.040273
0.148606
-0.011232
0.022800
0.042227
-0.040760
-0.013291
-0.119629
-0.065216
0.017421
-0.032902
-0.059508
0.045669
-0.085709
0.108085
0.064425
0.117091
-0.112666
0.066454
-0.082069
-0.082251
0.075528
-0.091021
0.031430
-0.053692
-0.125651
-0.092537
0.087880
-0.017282
-0.021932
0.122409
-0.075067
-0.085773
-0.152071
0.029628
-0.010670
0.064089
0.055375
-0.051729
-0.007178
0.038629
-0.022773
0.023725
0.026355
0.101921
-0.166554
0.133275
0.050139
-0.063078
0.024683
-0.006238
-0.014207
-0.133503
-0.123217
-0.017871
-0.068272
0.005772
-0.017918
-0.153619
0.057286
0.070396
0.001541
0.097768
-0.000655
-0.040779
-0.078829
-0.091705
-0.034043
0.039988
-0.093579
-0.064301
-0.037099
0.147964
0.060804
-0.052490
-0.084818
0.095966
0.057726
0.038099
0.057836
0.060756
-0.058072
-0.030414
0.032306
-0.104671
0.072717
-0.027340
0.091805
0.042573
0.002423
-0.039642
0.006803
-0.029892
0.080262
-0.002324
0.024513
-0.009908
0.052242
-0.059231
-0.119836
-0.052587
-0.015654
0.006107
-0.005551
-0.023062
-0.021516
0.012767
0.049117
0.022242
0.078061
-0.037012
0.009308
0.009804
-0.036877
0.042213
-0.121393
-0.036379
-0.032541
-0.013277
-0.067221
0.010500
-0.097856
0.069639
-0.048910
-0.005781
-0.013151
0.023654
-0.055856
-0.025641
0.019927
0.032799
-0.017471
-0.012486
-0.013775
-0.064035
0.207883
-0.041279
0.014603
-0.038344
-0.015497
0.029169
0.022576
0.004319
-0.033575
-0.068689
0.087973
-0.075006
0.096667
-0.006832
-0.059369
-0.020917
-0.079192
-0.052910
0.032364
0.009592
-0.071493
0.093198
0.051680
0.145400
0.061488
-0.093618
-0.048749
0.024631
-0.091369
0.073293
0.111648
-0.087156
-0.039773
0.045015
-0.075412
-0.043156
0.067398
0.022267
0.030611
0.198711
0.011538
0.047427
0.038002
0.106658
-0.016900
0.079615
0.012858
0.027587
0.031144
0.077197
-0.139828
-0.191169
-0.084809
-0.131109
0.114997
0.017600
-0.016193
0.056508
0.013853
-0.033555
0.010927
0.117464
-0.047373
0.028889
-0.073296
-0.030552
-0.025085
-0.028258
0.043491
0.004852
-0.001581
0.008750
0.033744
-0.001077
-0.078057
-0.057258
-0.149867
-0.049756
0.009767
0.023245
-0.068367
-0.003865
-0.085480
0.072782
-0.004432
0.034203
-0.030133
0.024068
-0.052556
0.158787
0.015771
-0.022857
0.000050
0.156867
-0.054683
-0.025587
-0.084139
-0.021205
-0.060413
-0.022101
-0.060271
0.112176
-0.010228
0.039936
-0.039291
-0.023265
0.109978
0.049765
0.089201
0.031501
-0.111107
-0.013329
-0.121617
-0.116509
-0.027380
-0.086356
0.119012
0.002324
-0.091332
-0.047041
0.079085
0.007717
0.004749
0.074751
0.069879
-0.003975
0.022357
0.021522
-0.024969
0.018556
-0.030802
0.045563
0.112165
0.096506
-0.049639
0.001578
-0.081578
0.033941
-0.019452
-0.104770
0.095301
0.001489
0.042299
-0.026956
-0.025047
-0.100672
-0.009496
0.008670
-0.049876
-0.018946
0.021876
-0.081561
0.086789
0.056970
0.099079
0.047151
0.036448
-0.030894
0.048460
-0.060700
-0.016554
0.032720
0.098786
-0.017792
0.115802
-0.072188
-0.014344
0.119086
0.044100
0.150079
-0.031975
-0.156943
0.045758
0.095235
0.058586
-0.054393
0.044203
0.125546
0.009381
0.105747
-0.151267
0.028004
0.032380
-0.123481
-0.046028
0.050873
-0.044799
-0.037757
0.027284
-0.047220
-0.030400
0.049173
-0.042620
-0.029882
-0.053861
0.020412
0.017701
-0.052039
-0.151930
-0.021696
-0.061235
-0.122944
-0.032378
-0.110505
-0.017250
0.044453
-0.010066
-0.059248
0.010771
0.000407
-0.000323
0.044959
-0.009363
0.026118
-0.172341
0.010923
0.012724
-0.121402
-0.014326
0.021552
0.066625
-0.074902
0.059341
-0.029126
-0.053445
0.042956
-0.102136
-0.131914
0.091195
-0.023268
-0.083073
0.073798
-0.030646
0.005993
-0.037613
0.027898
0.027176
0.061070
0.036913
-0.018333
0.135811
-0.014861
0.069762
-0.107642
0.036158
0.015172
-0.048208
-0.123179
0.103440
-0.069459
-0.087222
0.046522
-0.071321
-0.026609
0.074469
-0.020607
0.129794
-0.171523
-0.038578
0.023199
0.051985
0.016684
-0.037113
0.097057
0.108594
-0.062604
-0.129981
0.190905
0.023232
0.023368
0.108957
0.145319
0.069314
0.046906
0.031012
0.080414
-0.003570
-0.092010
0.070762
-0.004720
0.070928
0.110138
-0.040303
-0.016296
0.013000
0.034623
0.036450
-0.037164
-0.007694
0.141160
-0.065265
-0.036517
0.143105
-0.077093
0.020999
0.038686
0.003901
0.048820
-0.091917
-0.042553
0.152780
-0.003290
-0.119201
-0.082361
0.092537
-0.040230
0.039200
-0.052183
0.115042
-0.084580
-0.045558
0.030158
-0.035708
-0.000300
0.028839
-0.045692
-0.026788
0.000066
-0.013433
0.028217
0.029694
0.043870
0.051093
-0.025422
0.054031
0.065342
-0.103706
0.065942
-0.016035
-0.007411
0.071652
-0.002344
-0.037416
-0.019470
0.118293
0.005571
-0.015959
0.047725
-0.083296
0.045484
0.092972
0.050371
-0.042161
-0.253687
0.063962
0.060667
-0.075699
-0.011286
-0.030143
-0.078002
0.031377
-0.029335
0.246769
-0.006882
0.149833
0.073133
0.147363
0.027415
-0.081229
-0.053516
0.114296
0.113405
-0.082578
-0.144399
0.148659
0.094580
-0.076760
-0.001174
0.151146
-0.058811
0.035872
0.189596
-0.029970
0.139695
0.047549
0.099697
-0.101517
0.046120
-0.001279
-0.027956
0.120270
-0.047009
-0.058502
-0.015099
-0.065115
0.041024
-0.181687
0.009268
-0.094361
0.095194
0.038786
-0.036437
0.000007
-0.015425
-0.102310
0.051117
0.121896
0.020099
-0.138294
0.000433
-0.065379
0.109085
-0.012502
-0.051267
0.011752
-0.045164
0.070718
0.103940
0.011539
0.125537
-0.030900
-0.012438
0.062161
0.094882
-0.001937
0.046334
0.009355
-0.066380
-0.123259
0.059241
0.066332
-0.021769
-0.093351
0.010261
-0.111854
0.066102
0.115253
-0.044837
0.090852
0.094268
0.064471
0.145423
-0.031324
-0.028652
-0.126254
-0.052502
0.042617
0.078642
0.083357
-0.148578
0.025707
0.043587
-0.121599
0.083060
-0.058549
-0.034372
0.092040
0.132886
-0.005502
-0.011355
-0.067142
-0.032439
-0.063708
-0.067836
0.052947
0.073054
-0.031698
0.054351
0.031888
0.029954
-0.079852
0.015298
-0.023595
0.082609
-0.014959
0.037154
-0.038412
0.085098
0.100994
-0.053169
-0.032786
-0.138336
0.035636
0.016048
-0.029836
-0.110605
-0.125263
-0.028781
-0.030518
0.075488
0.036968
0.002046
-0.084865
-0.048468
0.038632
0.049583
0.121213
0.025570
0.036960
0.003714
0.003639
-0.027349
0.011978
0.113033
-0.116340
0.043349
0.091109
0.008206
-0.037818
-0.092096
-0.035980
-0.010913
0.086557
0.067226
0.047414
0.067475
-0.010795
-0.048271
0.114804
0.114533
-0.043338
0.061990
-0.073634
0.059296
-0.286503
0.062885
0.040322
0.035951
0.029124
0.055218
0.043688
-0.054932
0.033420
-0.025086
0.055838
0.071026
0.041238
0.070794
-0.112037
0.072327
0.073362
0.067067
-0.073871
0.072720
0.037996
0.055688
-0.079392
-0.043709
0.124699
-0.113667
0.107267
0.044236
-0.091831
-0.078614
0.058680
-0.019702
0.112509
0.118091
0.033101
0.104063
0.015629
0.048722
-0.115583
0.074199
-0.099660
0.034114
-0.099020
-0.011503
0.062642
0.145541
-0.029301
0.140117
-0.097038
-0.071992
-0.088199
0.015776
-0.019939
-0.034597
-0.104814
-0.084706
0.025114
-0.040356
-0.008050
0.041101
-0.036978
-0.025960
-0.079574
0.001748
0.125880
-0.120695
0.076679
-0.043021
0.004397
0.075726
0.124543
0.046738
-0.099893
0.002534
0.034227
0.002868
-0.038243
0.005513
0.009924
0.103510
-0.082339
0.015639
0.119186
0.018093
-0.077044
-0.006684
0.085538
-0.034669
-0.042982
-0.015341
-0.041018
-0.036827
-0.051612
-0.111699
-0.039415
-0.002769
0.048727
0.086075
-0.066800
0.016802
0.021422
0.090334
-0.030649
0.091018
-0.011022
0.004298
0.128750
0.039117
-0.038534
-0.097973
-0.104346
0.013918
0.115631
0.129861
0.075190
0.041479
0.007526
-0.045647
-0.072136
-0.053821
0.018914
-0.013286
0.024515
-0.035401
0.014410
-0.027123
0.038817
0.073173
-0.053336
0.086253
-0.101417
-0.023585
-0.013592
0.035976
0.014479
-0.107963
0.048639
-0.001086
-0.064246
0.010654
0.013063
-0.062848
-0.026828
-0.132605
-0.083217
-0.009472
0.096444
-0.007870
-0.016811
0.017056
0.034266
0.012763
0.031555
0.077184
-0.043355
0.009058
-0.035128
-0.062103
0.082108
-0.035855
0.024087
0.016867
0.160098
-0.052062
0.014690
-0.081875
0.023901
0.058104
-0.055026
-0.055070
-0.005610
-0.039871
0.080552
-0.076031
-0.079968
-0.021641
-0.047472
0.001398
-0.024848
-0.067264
-0.076123
-0.064062
-0.019309
-0.076541
0.010208
-0.072297
-0.002260
-0.130661
-0.011782
-0.072299
-0.033503
-0.019319
-0.102194
-0.064387
0.046656
0.064976
-0.035753
0.008300
0.059463
0.105594
0.094193
-0.012064
-0.020773
0.043620
-0.043395
-0.073397
-0.118313
-0.053376
0.038365
0.031907
-0.070574
-0.009730
0.091781
-0.028890
0.016683
-0.017772
-0.063666
0.031104
0.111781
0.074007
-0.076747
0.076539
0.028801
0.077659
-0.066492
-0.042026
-0.086652
-0.010759
-0.028897
0.017920
-0.021232
0.122036
-0.014859
-0.043720
0.072834
-0.021782
0.027538
0.022654
-0.033232
0.023235
-0.002943
0.061477
0.002948
-0.000297
-0.014723
-0.157410
-0.058525
-0.038396
0.005497
-0.000852
-0.044160
0.037199
-0.003822
-0.098818
-0.089620
0.003794
-0.106776
-0.022818
-0.016991
-0.068599
0.035137
0.066729
0.019035
0.001514
0.008206
-0.033663
-0.006674
-0.094922
-0.088136
-0.072342
-0.072612
0.017622
0.093644
-0.148158
0.020253
0.061730
0.022137
-0.000192
0.052503
0.117380
0.003146
-0.140018
-0.048855
0.025303
0.064992
-0.008772
-0.093951
0.099750
0.006240
0.117962
-0.095815
-0.027186
0.015490
0.028113
0.127382
-0.095815
0.005039
-0.013040
-0.090555
-0.036142
0.075827
-0.159613
-0.103080
-0.033878
0.065655
-0.086674
-0.025761
0.005146
0.003430
0.026182
0.077640
0.011115
0.085203
-0.056960
0.066184
0.050233
-0.015285
-0.058383
-0.065918
0.010747
-0.004578
-0.105178
-0.037754
-0.137635
-0.067342
0.003937
0.076291
-0.018302
-0.077887
0.024263
-0.023624
-0.059449
0.012474
0.082573
-0.050533
0.012690
0.046177
0.097141
-0.045492
-0.048790
0.013885
-0.119562
-0.066957
-0.026889
-0.002176
0.028231
-0.097636
-0.016773
0.010426
-0.043890
0.033705
0.161019
-0.052008
0.044186
0.013356
-0.007291
0.059108
0.055456
0.008490
0.062130
0.034209
-0.074778
0.029236
0.013130
0.025588
-0.047727
0.020383
-0.115245
-0.076559
-0.019150
-0.036013
-0.007019
-0.084154
0.072712
-0.024971
0.001499
-0.080527
-0.051050
-0.046192
0.042069
0.032052
0.044289
0.010534
-0.048360
-0.039058
0.015627
-0.000403
0.007980
-0.009526
0.078581
-0.050219
-0.076066
-0.145430
-0.086490
0.011136
-0.082352
0.034442
-0.032267
0.103011
-0.081590
-0.037537
0.051411
0.097147
-0.047167
-0.077750
-0.023287
-0.048530
0.023917
0.079555
-0.059938
-0.067181
0.065036
-0.049733
0.117837
-0.032265
0.083170
0.081157
0.002095
0.029008
0.118654
0.054199
0.100206
-0.094190
0.063963
-0.107525
0.028070
-0.141871
-0.012493
0.016449
-0.045663
0.024191
0.031303
0.017195
0.086494
-0.000181
0.027989
-0.196070
-0.009529
-0.053670
-0.012634
-0.096376
-0.033231
-0.005249
0.000876
-0.013525
0.064179
-0.009485
0.046334
0.034293
0.056029
0.068651
0.081406
0.024910
-0.070093
0.077060
-0.078762
-0.145298
-0.011387
0.071444
0.012725
0.011369
-0.073527
-0.015761
-0.081296
-0.073616
-0.041840
0.061426
0.095568
0.028980
0.028986
-0.063726
0.028767
0.039120
0.016279
-0.062090
0.011613
-0.012129
0.061046
-0.021449
0.098648
0.039644
0.139928
0.134249
0.039137
0.030468
0.038419
-0.046179
0.089056
0.034072
-0.100844
0.013207
0.060519
-0.087116
0.048158
0.126603
0.253653
0.037009
-0.053671
0.035194
-0.049595
0.023226
-0.081023
0.165288
0.002415
0.008411
-0.023320
-0.095803
-0.043002
-0.064502
0.029086
0.202114
0.109623
0.124937
0.009557
0.012573
-0.047902
0.072299
0.080928
0.080538
-0.055173
0.106162
0.058812
-0.000594
0.137615
-0.026759
0.121206
-0.093048
0.078995
0.039080
0.010528
0.012833
0.075486
0.136223
-0.039290
0.008671
-0.161028
-0.167553
0.112896
-0.117226
-0.061707
-0.034463
-0.066446
0.073425
-0.005732
-0.043009
-0.082175
-0.033337
-0.040491
-0.134087
0.009429
0.030070
0.092287
-0.095679
0.045965
0.071654
0.031265
0.005116
-0.003699
0.053355
0.070558
0.055162
-0.033314
0.055021
-0.024927
-0.037060
0.028449
0.028815
0.070545
-0.057865
0.070330
-0.047337
-0.028218
-0.081274
-0.040272
0.003843
-0.074446
-0.020493
0.095301
-0.029277
-0.065717
0.121267
0.126980
-0.100465
0.058980
0.115204
0.081880
-0.049360
-0.148828
0.019947
0.096717
-0.021761
-0.006528
0.099912
0.065345
0.113282
-0.067600
0.049014
-0.021564
-0.161351
0.015730
0.076041
0.033959
-0.078822
-0.114691
0.028951
0.124775
-0.064827
0.044722
0.031058
-0.064645
0.083071
0.063321
-0.105202
0.044455
0.021437
-0.087527
0.065176
0.025684
-0.064028
0.035243
0.037061
0.020814
-0.089976
-0.018222
-0.006972
0.194848
0.034669
-0.052039
0.036933
0.037886
-0.087877
0.043735
0.004376
-0.012068
-0.006047
0.117265
0.054540
0.120114
-0.001169
0.096388
-0.014143
0.026760
0.097167
0.096390
0.004752
0.018230
0.048192
0.030132
0.002139
0.111722
0.017928
0.016369
-0.000074
-0.011565
0.053930
-0.084931
-0.075530
-0.026280
-0.117419
0.025284
-0.091577
-0.069081
-0.056214
0.171301
0.001679
0.070992
-0.077090
-0.021836
-0.023263
0.001526
0.072379
0.120357
-0.054975
-0.077731
0.049433
-0.008040
0.012887
0.154658
0.093714
-0.089358
0.031151
0.079251
0.048497
0.066166
0.099069
-0.021552
-0.064786
-0.054046
-0.045570
0.021723
-0.054757
-0.056245
0.021142
-0.057130
-0.059703
0.031931
0.076560
-0.128206
-0.083154
-0.011243
0.098461
-0.167275
-0.082489
0.128130
0.029515
-0.064439
0.008755
-0.052792
-0.063761
0.018053
0.087781
-0.025740
0.027032
0.082186
0.083600
-0.015761
-0.019442
-0.152778
-0.151686
0.051946
0.119081
-0.072825
0.030145
0.059947
0.122392
-0.054863
-0.036636
-0.037859
0.025655
-0.086450
0.060138
-0.000044
0.044465
0.039282
-0.002256
-0.039192
-0.062012
-0.042119
-0.039892
0.063537
-0.035762
-0.045972
0.072705
0.107734
-0.025707
0.014002
0.056164
-0.052843
0.054705
0.078643
0.072133
-0.008021
0.060836
-0.046409
0.075766
0.078281
0.031181
0.039463
-0.130562
-0.071360
-0.038186
-0.026036
0.115249
-0.072471
-0.152040
0.016130
0.026465
-0.124922
0.008267
-0.016688
0.026946
-0.040656
-0.061861
0.084276
-0.044289
-0.111270
-0.012360
0.032939
0.028575
-0.160561
-0.033973
0.166640
-0.096155
-0.143533
-0.095500
-0.037154
-0.025619
0.025957
0.070730
0.182758
0.066389
-0.012726
-0.027771
0.087382
-0.085197
-0.049521
0.025685
-0.019137
-0.056012
0.017699
-0.033570
0.052267
0.151963
-0.001869
-0.015961
0.014781
-0.084649
-0.094655
0.007080
0.036308
-0.026175
-0.160032
-0.006443
-0.019137
0.073212
0.150631
-0.152376
0.077007
0.111520
0.109722
-0.064274
0.073836
0.000054
0.043604
0.078836
-0.019891
-0.119587
0.003376
-0.065665
0.042492
-0.006248
0.044453
0.005668
-0.039952
0.041288
0.019108
0.035918
-0.045191
0.077689
-0.053652
0.009053
0.007741
-0.065080
0.113840
0.069237
-0.047790
-0.044631
-0.031713
-0.120924
0.019842
0.103067
0.113462
0.009408
0.023821
0.013103
-0.057667
0.156205
-0.003119
-0.008829
-0.150286
-0.063505
-0.070384
0.044880
-0.013688
-0.087258
-0.067960
0.045899
0.034656
-0.066830
0.037895
0.038186
-0.115690
-0.015088
-0.110415
-0.031884
-0.016390
0.118559
0.105561
0.074838
-0.051348
-0.022738
0.076171
-0.058281
0.040344
0.067273
0.103357
0.137247
-0.135657
-0.030311
-0.039589
-0.048273
-0.038095
-0.064075
0.057690
-0.017585
-0.075182
-0.072333
-0.057188
-0.189041
0.048645
-0.027974
-0.041185
0.010283
0.192075
0.131688
-0.124140
-0.023856
0.005754
-0.061216
0.060223
0.014299
-0.103829
-0.016359
-0.005434
0.002645
0.039296
-0.069209
-0.090898
0.182617
0.091656
0.081511
-0.018496
0.042626
0.011438
0.059349
0.017047
0.005632
0.024217
0.157511
0.024822
-0.063305
0.005888
-0.009847
0.045534
0.108992
0.054593
0.056588
0.026404
-0.039821
-0.016693
-0.135488
0.095938
0.016358
0.094220
0.052360
-0.026907
-0.019554
-0.057629
-0.012907
-0.103934
-0.013475
-0.028335
-0.011446
0.028324
0.027509
0.055363
0.062428
0.021670
0.043385
-0.090368
-0.040067
0.032592
0.111733
0.014604
0.115400
-0.008564
0.037844
-0.024077
-0.071753
-0.022467
-0.004856
-0.026702
0.066019
0.070477
-0.009711
-0.092881
-0.069015
0.007932
-0.036117
0.184186
-0.050304
-0.027701
-0.081265
-0.007843
0.036303
-0.020134
0.140563
0.000285
-0.008833
-0.017546
-0.069017
0.017127
0.150942
0.071614
0.076948
0.033543
0.078842
-0.095222
-0.006526
-0.046779
-0.004824
-0.016062
0.082160
-0.030238
-0.063428
-0.027546
0.127485
0.127514
0.123419
-0.088589
0.068437
-0.055599
0.098826
-0.069955
-0.009860
0.008609
-0.078250
-0.073352
0.013019
-0.025941
-0.014836
-0.062032
0.046817
-0.054183
-0.034434
-0.081846
-0.004132
-0.085195
-0.101755
-0.031749
0.004372
-0.015487
-0.061889
0.094823
0.050108
0.145925
0.125219
0.055297
0.030212
0.059655
0.029230
0.064348
-0.074205
0.017049
0.084581
-0.011905
0.107065
0.080589
0.041625
-0.019790
-0.013279
0.026237
-0.018823
0.044965
0.082980
-0.010935
0.058153
-0.096087
0.025988
-0.147594
-0.060796
0.017120
0.061625
0.065607
0.103941
-0.050756
-0.081238
-0.047777
-0.040957
0.006625
0.048090
0.031943
-0.106991
0.042116
0.041764
0.078812
-0.043932
0.037770
-0.098317
-0.076061
-0.030071
-0.009699
0.051071
0.043982
-0.068892
-0.079087
-0.026607
0.089918
0.107759
0.177430
0.014914
0.083087
0.062020
-0.017176
0.043830
0.001070
-0.106180
0.044314
0.069424
-0.093584
0.037803
0.083377
0.048574
0.036020
0.114002
-0.004317
-0.111620
-0.037562
0.055539
-0.115605
-0.029411
-0.024638
0.045225
0.039881
-0.185923
0.055162
-0.063353
-0.070019
0.054127
0.005952
-0.105581
-0.039180
0.012287
0.125365
0.142184
0.101657
-0.104577
-0.170129
0.003246
-0.024563
-0.055699
-0.027409
-0.083496
0.022179
0.076224
-0.066324
0.026712
-0.040952
0.014720
-0.085389
0.059225
-0.033055
0.054262
-0.148758
-0.045403
-0.052096
0.057074
0.002390
0.057061
-0.004037
0.123579
-0.063654
0.043263
-0.060993
-0.007009
0.117190
-0.026562
0.059384
0.045936
0.083457
0.045102
-0.084224
-0.107212
-0.030652
-0.004599
-0.183038
0.104778
-0.070744
-0.075236
-0.068403
0.102725
-0.046552
-0.033415
-0.011928
0.042924
-0.058927
-0.016999
0.073044
0.163853
0.038824
-0.068109
-0.028390
0.034384
0.068901
-0.015103
0.054669
-0.017372
-0.051455
-0.140993
0.118033
0.012486
0.010255
0.087937
0.083228
-0.146076
-0.012320
-0.051264
-0.023793
0.045626
-0.019123
-0.001200
0.032520
0.060436
0.071774
0.012447
0.011759
-0.053198
0.138241
-0.073949
-0.054124
0.071420
0.026399
0.013528
-0.094698
-0.086445
-0.033742
0.053284
0.040342
0.174503
0.027129
0.036319
0.142153
0.083198
-0.033834
0.031891
-0.063938
-0.054722
0.009777
0.010755
0.006652
-0.012778
0.096927
0.005171
0.086165
-0.055594
-0.002759
0.014377
-0.018703
-0.032745
-0.126424
0.134494
-0.035700
-0.167262
-0.125215
0.002042
0.135536
0.065412
-0.106307
-0.054483
-0.041826
0.027867
-0.005878
0.038568
-0.186370
-0.000922
-0.008897
0.095149
-0.132423
0.053656
0.035086
-0.077863
0.122873
-0.010359
0.090673
0.010091
-0.064344
0.020007
0.014907
-0.101200
0.084843
0.201532
0.050649
0.166990
0.133839
-0.100117
-0.026952
0.038249
0.135055
-0.033503
0.047025
-0.018024
0.080371
0.095631
0.087972
0.075195
-0.001021
-0.124710
0.041595
0.094123
-0.037454
-0.109566
-0.135616
0.065185
0.065957
0.158643
0.003759
0.071231
-0.032358
-0.047892
-0.038264
-0.065660
-0.011166
-0.119742
-0.006911
-0.098897
0.069360
0.052610
-0.027870
-0.052929
-0.068107
0.101030
0.011459
0.096169
0.032705
-0.160181
0.082347
0.162106
-0.006201
-0.120057
0.049911
0.030586
0.028423
-0.002687
-0.003002
0.012856
-0.019211
0.092767
0.012316
0.119214
-0.069114
-0.013833
0.000576
0.058055
0.042605
0.026941
0.015564
0.066727
0.055286
-0.127436
0.002682
-0.087421
0.140983
0.034624
-0.011568
-0.037416
-0.029505
0.116306
0.023336
0.145659
0.000652
0.042415
-0.140165
-0.095284
0.044363
0.009970
-0.016524
-0.066724
-0.123837
-0.055321
0.132359
-0.161174
-0.016788
-0.025940
0.031067
-0.019188
0.057377
0.046870
-0.190946
0.045230
0.073876
-0.043256
0.041148
0.031478
0.086535
0.025730
0.028321
0.036656
-0.056082
-0.108304
0.005505
0.010297
-0.128627
-0.036246
-0.049854
0.080092
-0.063520
-0.054633
-0.033311
-0.003075
-0.044123
0.029415
0.075293
-0.020910
-0.051466
0.044836
-0.027988
0.156006
0.112917
-0.049550
-0.139940
0.120769
-0.132035
-0.112438
-0.009874
-0.083542
-0.020372
-0.033732
-0.012343
0.110401
-0.053224
-0.068762
0.035156
-0.019585
-0.122042
0.039537
-0.086043
-0.098090
0.066385
-0.014653
-0.044091
0.086212
-0.007964
-0.004850
0.013386
-0.158353
0.159960
-0.002056
0.060428
-0.056461
-0.094082
0.168857
-0.093217
-0.136608
0.057356
0.050224
-0.042355
-0.003076
-0.022777
-0.023899
-0.032086
0.098972
-0.008172
0.048425
0.028341
0.076016
-0.105652
0.054426
-0.046647
-0.057718
-0.151649
-0.002350
-0.015372
0.060008
-0.133991
0.005028
0.048748
0.062196
-0.081317
-0.042208
0.061995
-0.084668
-0.114254
-0.072792
0.023419
0.039734
-0.088840
-0.020502
0.062992
0.059169
0.093946
0.037926
-0.071179
0.033096
-0.046761
0.153881
-0.015944
-0.048104
0.047313
-0.041123
-0.061855
0.067970
-0.136496
0.053231
-0.013132
-0.012733
0.049693
-0.122605
0.039649
-0.121294
0.087550
0.012927
-0.043394
-0.032255
0.092277
-0.048247
0.021102
-0.016495
-0.049948
-0.026277
0.000410
0.106683
-0.011192
0.004651
-0.027398
-0.016956
0.058028
-0.019940
-0.121043
0.024208
-0.085995
-0.147264
-0.021418
-0.052936
0.042863
0.098539
0.052477
-0.029132
0.124228
-0.046768
-0.024147
0.064467
-0.084835
0.084535
-0.045248
-0.046755
-0.048306
0.106905
0.053325
0.014634
-0.072052
0.030380
0.007367
-0.006301
-0.227541
-0.037774
0.010206
0.112804
0.049971
0.098673
0.022655
0.140319
-0.017001
-0.046902
0.006892
0.089605
0.078913
-0.009102
-0.066142
-0.070395
-0.085769
0.131239
-0.061045
-0.055269
0.025746
-0.045632
-0.014014
-0.077345
-0.125497
-0.075732
0.020911
-0.002412
0.039050
0.119859
-0.060919
-0.107442
-0.051312
0.008240
-0.115844
0.017712
-0.023342
-0.051853
0.031984
-0.000985
-0.054599
-0.013535
-0.086969
-0.041102
0.048069
0.005662
-0.186416
0.089818
-0.063917
0.079456
-0.033832
-0.121584
0.044827
0.073988
0.087406
-0.039119
-0.153465
-0.028794
-0.196195
-0.090772
-0.029648
0.070454
-0.041801
0.041841
-0.084450
0.178518
0.007201
-0.070066
-0.018778
-0.034450
0.103786
-0.062094
-0.042275
-0.135335
-0.006372
-0.125100
0.215924
0.026725
-0.060890
0.061421
-0.122021
-0.078104
-0.007097
-0.007370
0.079661
0.044118
-0.024242
0.018620
-0.022221
0.046469
-0.133999
-0.012813
-0.170103
-0.110622
-0.031242
0.040680
-0.127726
0.057155
0.042915
-0.096037
-0.058399
-0.058745
0.097682
0.049563
0.016003
0.068654
-0.032818
-0.119180
0.042297
0.033573
0.093036
0.025477
0.019577
0.065701
0.047560
0.087217
0.035760
-0.099646
-0.063702
-0.031786
0.050543
-0.009423
-0.055503
-0.072702
0.042865
0.073484
0.054903
-0.077136
-0.008977
0.002029
0.087366
0.062477
0.097206
0.001800
-0.035854
0.038248
0.099707
-0.061370
-0.063059
-0.078388
0.084569
-0.075561
-0.057659
0.106339
-0.143587
-0.072088
0.168762
-0.005034
-0.064624
-0.096512
-0.120260
0.036949
0.024168
0.023443
-0.062429
-0.007148
0.007196
0.029026
-0.024688
-0.091726
0.002721
-0.072203
-0.020874
-0.010837
0.008628
0.074988
-0.070745
-0.105357
0.030740
0.105151
-0.055741
0.008531
-0.009890
0.016849
-0.066726
-0.044066
-0.027004
0.015935
0.006641
0.048329
-0.176733
-0.187842
-0.003350
0.063395
0.014937
0.097207
0.006472
-0.034966
0.010916
0.012793
-0.127151
-0.112744
0.027035
0.126080
-0.007011
-0.026845
-0.054515
0.054772
-0.000502
0.011062
-0.019677
-0.012121
0.018048
-0.036946
-0.027222
-0.037554
-0.015098
0.145352
0.020874
-0.061786
0.070169
-0.008190
0.063962
-0.005296
-0.242854
-0.042202
-0.070628
-0.040451
-0.077393
0.075509
0.087843
0.053383
-0.005813
0.087314
-0.003793
0.034897
0.105886
-0.006038
0.022524
-0.128912
-0.033876
0.005757
-0.044497
-0.048784
0.000825
0.021588
-0.030567
-0.170813
0.051364
-0.012733
-0.052106
0.190402
-0.080058
0.077947
0.010460
0.154123
-0.003254
-0.031630
0.105608
-0.095990
-0.011891
0.073813
0.023167
0.105792
-0.043901
0.083743
0.131121
0.065870
0.134561
-0.034484
-0.049768
-0.054971
0.120040
-0.022154
-0.030463
0.081976
-0.010913
-0.024552
0.074496
-0.023024
0.043138
0.017380
0.104123
-0.100082
0.039252
-0.055122
0.047756
-0.030694
0.028908
-0.091976
-0.036594
-0.118649
-0.076370
0.125997
0.012528
-0.029806
-0.058897
0.000750
0.071647
0.045792
0.015886
-0.135579
-0.026419
-0.093739
-0.043117
0.035952
0.085678
0.068230
0.019939
0.006638
0.044177
-0.005100
-0.110947
-0.114257
-0.029314
0.073905
0.025896
0.051723
0.155984
0.108566
-0.059207
-0.076472
-0.019088
0.080666
0.076792
0.026277
0.155667
-0.033896
-0.097486
0.071858
0.046816
-0.020965
-0.050549
-0.097172
-0.066580
0.142928
-0.045827
0.052397
0.078009
0.157715
0.007748
-0.130898
0.107822
-0.037889
0.189398
-0.061934
-0.061853
-0.092848
0.052502
-0.020574
-0.025320
0.080515
-0.050551
0.046225
-0.133063
-0.119143
-0.080195
0.065226
0.098912
0.071432
-0.016647
-0.144914
0.129740
-0.042373
0.041646
0.064772
-0.062238
0.023164
-0.117518
-0.007134
0.090614
-0.001149
0.099569
-0.160202
-0.095900
0.082354
-0.106265
-0.012935
-0.074273
0.005529
0.104462
-0.053956
0.143751
0.055629
0.044371
-0.064445
0.100700
0.099824
-0.015894
0.010856
-0.159397
-0.114213
-0.079725
0.170281
-0.054789
-0.044537
-0.033046
-0.106499
0.022452
-0.045206
-0.115919
0.002045
-0.071462
0.048047
-0.003741
0.000506
-0.105483
0.039492
0.072586
0.090115
-0.148926
-0.163380
0.039168
0.066449
-0.058841
-0.021110
0.064316
0.085021
0.062854
0.011318
0.040731
0.213092
0.066240
-0.040477
0.022424
0.061840
-0.024567
0.015253
-0.036290
-0.092486
-0.009513
-0.067374
0.047753
0.144413
0.070337
-0.001690
-0.167569
-0.008889
0.026500
0.041878
0.110322
-0.072997
-0.112061
0.073596
-0.044382
0.016861
-0.082669
-0.023533
0.002175
-0.042952
-0.178833
-0.026563
0.120253
-0.063546
-0.033983
0.073769
-0.162437
0.073852
-0.017049
-0.018256
0.077868
-0.040203
0.075273
0.125266
0.093908
-0.063622
-0.055772
0.031978
0.004732
0.048788
-0.002436
-0.069471
-0.169687
0.047090
-0.001103
0.062465
0.022564
0.093798
-0.060908
-0.053683
0.041030
0.124937
-0.078644
0.165239
-0.039406
-0.114008
-0.140097
-0.032195
-0.026893
-0.034245
0.015216
0.004009
-0.092483
-0.077904
-0.013738
-0.012040
0.016818
0.016145
-0.056528
0.029108
0.070224
0.062304
0.038339
-0.090987
-0.067234
0.032387
0.108169
-0.037931
-0.089296
-0.079764
0.069287
-0.090723
0.112829
0.088714
-0.031772
0.176732
0.026864
-0.011029
0.027726
0.066158
0.024946
-0.001876
0.004431
0.009699
0.012897
-0.002596
-0.016230
-0.050952
-0.017844
0.082882
-0.020421