[[[-0.270575 -0.270575 -0.270575 -0.270575 0.037833 0.880578 0.547162 0.115067 -0.270575 -0.270575 -0.270575 -0.270575 ] 
[-0.270575 -0.270575 -0.259270 0.211331 0.659600 1.046284 1.024404 0.082500 -0.270575 -0.270575 -0.270575 -0.270575 ] 
[-0.270575 -0.270575 0.082741 0.432103 0.506940 0.907511 0.601203 -0.000526 -0.270575 -0.270575 -0.270575 -0.270575 ] 
[-0.270575 -0.270575 -0.282956 -0.220782 0.606384 1.095695 0.542022 -0.107937 -0.270575 -0.270575 -0.270575 -0.270575 ] 
[-0.270575 -0.270575 -0.270575 0.099679 0.069012 0.562560 0.183267 -0.197747 -0.270575 -0.270575 -0.270575 -0.270575 ] 
[-0.270575 -0.270575 -0.270575 -0.046515 0.736433 0.606359 -0.005165 -0.270575 -0.270575 -0.270575 -0.270575 -0.270575 ] 
[-0.270575 -0.270575 -0.259270 0.166472 0.917991 0.615444 -0.079092 -0.269432 -0.270575 -0.270575 -0.270575 -0.270575 ] 
[0.088503 0.382487 0.652502 0.471795 1.120616 0.960949 0.661446 0.212983 -0.197698 -0.270575 -0.270575 -0.270575 ] 
[-0.031672 0.580177 0.446813 0.182106 1.020735 0.657802 0.651122 0.395639 -0.082506 -0.270575 -0.270575 -0.270575 ] 
[-0.270575 -0.298751 -0.259944 -0.259944 -0.259944 -0.259944 0.203165 0.223327 -0.162178 -0.270575 -0.270575 -0.270575 ] 
[-0.270575 -0.270575 -0.270575 -0.270575 -0.270575 -0.270575 -0.270575 -0.270575 -0.270575 -0.270575 -0.270575 -0.270575 ] 
[-0.270575 -0.270575 -0.270575 -0.270575 -0.270575 -0.270575 -0.270575 -0.270575 -0.270575 -0.270575 -0.270575 -0.270575 ] 
] 
[[-0.149019 -0.149019 -0.149019 -0.149019 -0.149019 0.326648 0.564294 -0.421759 -0.149019 -0.149019 -0.149019 -0.149019 ] 
[-0.149019 -0.149019 -0.149019 -0.183797 0.329559 0.719595 0.399561 -0.502901 -0.149019 -0.149019 -0.149019 -0.149019 ] 
[-0.149019 -0.149019 -0.109460 0.687986 0.829316 0.861270 0.701007 0.038171 -0.149019 -0.149019 -0.149019 -0.149019 ] 
[-0.149019 -0.149019 0.050559 0.305511 0.886533 1.414719 0.687502 -0.118212 -0.149019 -0.149019 -0.149019 -0.149019 ] 
[-0.149019 -0.149019 -0.149019 -0.131390 0.746931 1.158016 0.039459 -0.007474 -0.149019 -0.149019 -0.149019 -0.149019 ] 
[-0.149019 -0.149019 -0.149019 0.026189 0.982612 0.696003 0.032059 -0.149019 -0.149019 -0.149019 -0.149019 -0.149019 ] 
[-0.149019 -0.149019 -0.149019 0.172319 1.056297 0.652520 -0.110719 -0.149019 -0.149019 -0.149019 -0.149019 -0.149019 ] 
[-0.149019 0.027171 0.370174 0.243297 0.713078 0.375079 0.146979 -0.262097 -0.149019 -0.149019 -0.149019 -0.149019 ] 
[0.086316 0.688988 0.804229 0.449725 1.077267 0.949572 0.453501 0.064685 -0.149019 -0.149019 -0.149019 -0.149019 ] 
[-0.149019 -0.009708 0.487643 0.487643 0.487643 0.487643 0.642129 0.688767 0.063299 -0.149019 -0.149019 -0.149019 ] 
[-0.149019 -0.149019 -0.149019 -0.149019 -0.149019 -0.149019 -0.149019 -0.149019 -0.149019 -0.149019 -0.149019 -0.149019 ] 
[-0.149019 -0.149019 -0.149019 -0.149019 -0.149019 -0.149019 -0.149019 -0.149019 -0.149019 -0.149019 -0.149019 -0.149019 ] 
] 
[[-0.113241 -0.113241 -0.113241 -0.113241 0.364958 0.639195 0.086481 -0.145101 -0.113241 -0.113241 -0.113241 -0.113241 ] 
[-0.113241 -0.113241 0.120511 0.267049 0.340213 0.942105 0.407966 0.188642 -0.113241 -0.113241 -0.113241 -0.113241 ] 
[-0.113241 -0.113241 0.413843 0.941463 1.420668 1.114475 0.367859 0.247624 -0.113241 -0.113241 -0.113241 -0.113241 ] 
[-0.113241 -0.113241 -0.125493 0.790943 1.188396 1.255276 0.347415 0.155263 -0.113241 -0.113241 -0.113241 -0.113241 ] 
[-0.113241 -0.113241 -0.045498 0.243150 1.055400 0.909426 0.330118 0.034947 -0.113241 -0.113241 -0.113241 -0.113241 ] 
[-0.113241 -0.113241 -0.113241 0.365019 1.006687 0.155632 0.254377 -0.113241 -0.113241 -0.113241 -0.113241 -0.113241 ] 
[-0.113241 -0.113241 0.120511 0.724745 1.091203 0.410326 0.222302 -0.113241 -0.113241 -0.113241 -0.113241 -0.113241 ] 
[0.420115 0.795231 0.313070 0.777759 1.000847 0.660213 0.306831 -0.491222 -0.113241 -0.113241 -0.113241 -0.113241 ] 
[0.078630 1.184855 1.240144 1.553811 1.323824 1.603001 1.283035 0.633077 0.039661 -0.113241 -0.113241 -0.113241 ] 
[-0.000336 0.126972 0.238242 0.238242 0.238242 0.238242 0.259651 0.274519 0.071709 -0.113241 -0.113241 -0.113241 ] 
[-0.113241 -0.113241 -0.113241 -0.113241 -0.113241 -0.113241 -0.113241 -0.113241 -0.113241 -0.113241 -0.113241 -0.113241 ] 
[-0.113241 -0.113241 -0.113241 -0.113241 -0.113241 -0.113241 -0.113241 -0.113241 -0.113241 -0.113241 -0.113241 -0.113241 ] 
] 
[[-0.055912 -0.055912 -0.055912 -0.055912 0.756390 1.140311 -0.057293 -0.076139 -0.055912 -0.055912 -0.055912 -0.055912 ] 
[-0.055912 -0.055912 0.334886 0.712022 1.139402 0.923844 -0.492444 -0.107747 -0.055912 -0.055912 -0.055912 -0.055912 ] 
[-0.055912 -0.055912 0.759651 0.991740 0.519215 0.220036 -1.530018 -0.362141 -0.055912 -0.055912 -0.055912 -0.055912 ] 
[-0.055912 -0.055912 0.238119 0.081005 0.090742 -0.676523 -1.016384 -0.055912 -0.055912 -0.055912 -0.055912 -0.055912 ] 
[-0.055912 -0.055912 -0.055912 0.626756 0.871268 -0.987948 -0.583431 -0.055912 -0.055912 -0.055912 -0.055912 -0.055912 ] 
[-0.055912 -0.055912 -0.055912 0.970038 0.919122 -1.145189 -0.366568 -0.055912 -0.055912 -0.055912 -0.055912 -0.055912 ] 
[-0.055912 -0.055912 0.334886 1.054967 0.290798 -1.080437 -0.055989 -0.055912 -0.055912 -0.055912 -0.055912 -0.055912 ] 
[0.593660 0.907365 0.712172 0.932679 -0.233495 -0.184483 0.119360 -0.081069 -0.055912 -0.055912 -0.055912 -0.055912 ] 
[0.508002 0.710374 0.270802 -0.127906 -0.370288 -0.194083 0.222135 -0.330742 -0.055912 -0.055912 -0.055912 -0.055912 ] 
[-0.055912 -0.159921 -0.715068 -1.003097 -1.003097 -1.003097 -0.986334 -0.614358 -0.055912 -0.055912 -0.055912 -0.055912 ] 
[-0.055912 -0.055912 -0.055912 -0.055912 -0.055912 -0.055912 -0.055912 -0.055912 -0.055912 -0.055912 -0.055912 -0.055912 ] 
[-0.055912 -0.055912 -0.055912 -0.055912 -0.055912 -0.055912 -0.055912 -0.055912 -0.055912 -0.055912 -0.055912 -0.055912 ] 
] 
[[-0.054650 -0.054650 -0.054650 -0.054650 0.772837 2.097868 1.912216 0.644675 -0.054650 -0.054650 -0.054650 -0.054650 ] 
[-0.054650 -0.054650 0.356907 1.067121 1.667680 1.848701 2.312671 0.801961 -0.054650 -0.054650 -0.054650 -0.054650 ] 
[-0.054650 -0.054650 0.782871 1.871826 2.006672 1.122491 0.480547 -0.056515 -0.054650 -0.054650 -0.054650 -0.054650 ] 
[-0.054650 -0.054650 -0.065089 -0.672823 -0.483473 0.310145 0.720305 0.018237 -0.054650 -0.054650 -0.054650 -0.054650 ] 
[-0.054650 -0.054650 -0.054650 0.492001 0.283204 0.305582 0.194875 -0.054650 -0.054650 -0.054650 -0.054650 -0.054650 ] 
[-0.054650 -0.054650 -0.054650 0.618285 0.138166 0.623818 -0.098918 -0.054650 -0.054650 -0.054650 -0.054650 -0.054650 ] 
[-0.054650 -0.054650 0.356907 0.728001 0.766607 1.032964 0.081135 -0.054650 -0.054650 -0.054650 -0.054650 -0.054650 ] 
[0.784159 2.027942 2.565496 1.769168 2.132528 2.555666 2.504143 1.368239 0.031807 -0.054650 -0.054650 -0.054650 ] 
[0.280805 1.646619 2.307657 1.271195 2.069351 2.444349 2.576737 1.756345 0.214373 -0.054650 -0.054650 -0.054650 ] 
[-0.054650 -1.069060 -1.419265 -1.571668 -1.571668 -1.571668 -1.075247 -0.254392 -0.054650 -0.054650 -0.054650 -0.054650 ] 
[-0.054650 -0.054650 -0.054650 -0.054650 -0.054650 -0.054650 -0.054650 -0.054650 -0.054650 -0.054650 -0.054650 -0.054650 ] 
[-0.054650 -0.054650 -0.054650 -0.054650 -0.054650 -0.054650 -0.054650 -0.054650 -0.054650 -0.054650 -0.054650 -0.054650 ] 
] 
[[0.207840 0.207840 0.207840 0.207840 0.207840 -0.270160 0.267700 0.761617 0.207840 0.207840 0.207840 0.207840 ] 
[0.207840 0.207840 0.207840 0.203619 -0.298690 -1.433592 1.064117 1.350195 0.207840 0.207840 0.207840 0.207840 ] 
[0.207840 0.207840 0.205235 -0.680181 -1.357063 -0.929542 1.352026 1.574321 0.207840 0.207840 0.207840 0.207840 ] 
[0.207840 0.207840 0.173502 -0.648026 -0.876045 -0.159297 1.672444 0.776554 0.207840 0.207840 0.207840 0.207840 ] 
[0.207840 0.207840 0.207840 0.180586 -1.093289 0.735654 1.477882 0.385187 0.207840 0.207840 0.207840 0.207840 ] 
[0.207840 0.207840 0.207840 0.193829 -1.878035 1.229035 1.575621 0.207840 0.207840 0.207840 0.207840 0.207840 ] 
[0.207840 0.207840 0.207840 -0.169659 -0.572687 1.714435 0.865796 0.210712 0.207840 0.207840 0.207840 0.207840 ] 
[0.207840 -0.136898 -0.440762 -1.621295 -0.247331 0.865445 -0.121644 0.580980 0.629276 0.207840 0.207840 0.207840 ] 
[0.207840 -0.695058 -0.676386 -0.771828 -0.261999 0.363096 0.207050 0.814246 0.626827 0.207840 0.207840 0.207840 ] 
[0.207840 -0.102954 0.096083 0.096083 0.096083 0.096083 0.408404 0.966906 0.396758 0.207840 0.207840 0.207840 ] 
[0.207840 0.207840 0.207840 0.207840 0.207840 0.207840 0.207840 0.207840 0.207840 0.207840 0.207840 0.207840 ] 
[0.207840 0.207840 0.207840 0.207840 0.207840 0.207840 0.207840 0.207840 0.207840 0.207840 0.207840 0.207840 ] 
] 
[[-0.234476 -0.234476 -0.234476 -0.234476 -0.112049 0.564818 0.830994 0.148131 -0.234476 -0.234476 -0.234476 -0.234476 ] 
[-0.234476 -0.234476 -0.187165 0.201245 0.604785 0.835986 0.736111 -0.274513 -0.234476 -0.234476 -0.234476 -0.234476 ] 
[-0.234476 -0.234476 -0.083763 0.670360 0.924943 0.879375 0.207217 -0.299375 -0.234476 -0.234476 -0.234476 -0.234476 ] 
[-0.234476 -0.234476 -0.147592 -0.123850 0.153939 0.189910 -0.107252 -0.234476 -0.234476 -0.234476 -0.234476 -0.234476 ] 
[-0.234476 -0.234476 -0.119556 0.002972 0.448549 0.487673 -0.324322 -0.234476 -0.234476 -0.234476 -0.234476 -0.234476 ] 
[-0.234476 -0.234476 -0.234476 0.050587 0.584493 0.598728 -0.308902 -0.234476 -0.234476 -0.234476 -0.234476 -0.234476 ] 
[-0.234476 -0.234476 -0.187165 0.353110 0.545467 0.258808 -0.233123 -0.231965 -0.234476 -0.234476 -0.234476 -0.234476 ] 
[-0.099912 0.703581 1.100230 0.949975 1.040181 0.638885 1.064957 0.720492 0.061856 -0.234476 -0.234476 -0.234476 ] 
[-0.140243 0.019249 0.133509 0.314571 0.157397 -0.138234 0.059923 -0.061290 -0.234476 -0.234476 -0.234476 -0.234476 ] 
[-0.042943 -0.027298 -0.034496 -0.213828 -0.213828 -0.213828 -0.213828 -0.221576 -0.234476 -0.234476 -0.234476 -0.234476 ] 
[-0.234476 -0.234476 -0.234476 -0.234476 -0.234476 -0.234476 -0.234476 -0.234476 -0.234476 -0.234476 -0.234476 -0.234476 ] 
[-0.234476 -0.234476 -0.234476 -0.234476 -0.234476 -0.234476 -0.234476 -0.234476 -0.234476 -0.234476 -0.234476 -0.234476 ] 
] 
[[-0.028496 -0.028496 -0.028496 -0.028496 0.554383 1.364503 1.541666 0.129809 -0.028496 -0.028496 -0.028496 -0.028496 ] 
[-0.028496 -0.028496 0.255244 0.997930 1.209008 0.772656 0.513120 0.477192 -0.028496 -0.028496 -0.028496 -0.028496 ] 
[-0.028496 -0.028496 0.144994 1.277341 0.607198 -0.025458 -0.208726 -0.050902 -0.028496 -0.028496 -0.028496 -0.028496 ] 
[-0.028496 -0.028496 -0.042611 -1.065438 -0.732829 -0.454948 -0.087753 0.034347 -0.028496 -0.028496 -0.028496 -0.028496 ] 
[-0.028496 -0.028496 0.039441 -0.067702 0.229689 -0.677671 0.116232 -0.028496 -0.028496 -0.028496 -0.028496 -0.028496 ] 
[-0.028496 -0.028496 -0.028496 0.379391 0.162601 -0.265283 -0.071523 -0.028496 -0.028496 -0.028496 -0.028496 -0.028496 ] 
[-0.028496 -0.028496 0.255244 0.262725 0.010570 -0.065106 0.113155 -0.028496 -0.028496 -0.028496 -0.028496 -0.028496 ] 
[0.255244 1.519163 1.646169 0.898893 0.830322 1.642775 1.342192 0.630448 -0.028496 -0.028496 -0.028496 -0.028496 ] 
[-0.028496 -0.098963 0.171820 -0.404475 -0.601763 0.151900 0.524454 0.687644 0.382250 -0.028496 -0.028496 -0.028496 ] 
[0.084732 0.002367 -0.298401 -0.573733 -0.573733 -0.573733 -0.573733 -0.249851 -0.028496 -0.028496 -0.028496 -0.028496 ] 
[-0.028496 -0.028496 -0.028496 -0.028496 -0.028496 -0.028496 -0.028496 -0.028496 -0.028496 -0.028496 -0.028496 -0.028496 ] 
[-0.028496 -0.028496 -0.028496 -0.028496 -0.028496 -0.028496 -0.028496 -0.028496 -0.028496 -0.028496 -0.028496 -0.028496 ] 
] 
[[-0.212321 -0.212321 -0.212321 -0.212321 0.065696 1.049377 1.495023 0.846768 -0.212321 -0.212321 -0.212321 -0.212321 ] 
[-0.212321 -0.212321 -0.179968 0.048073 0.917515 2.849044 2.605356 0.726643 -0.212321 -0.212321 -0.212321 -0.212321 ] 
[-0.212321 -0.212321 -0.085888 0.751582 2.733249 3.126866 2.315040 -0.164542 -0.212321 -0.212321 -0.212321 -0.212321 ] 
[-0.212321 -0.212321 -0.230920 1.260345 2.040857 1.961439 1.348004 -0.212321 -0.212321 -0.212321 -0.212321 -0.212321 ] 
[-0.212321 -0.212321 -0.109264 0.604769 1.235713 2.393738 0.605416 -0.212321 -0.212321 -0.212321 -0.212321 -0.212321 ] 
[-0.212321 -0.212321 -0.212321 -0.032898 2.713833 2.207907 -0.164711 -0.212321 -0.212321 -0.212321 -0.212321 -0.212321 ] 
[-0.212321 -0.212321 -0.179968 0.562769 2.549496 1.718566 -0.186541 -0.209342 -0.212321 -0.212321 -0.212321 -0.212321 ] 
[-0.105339 0.507371 1.400081 2.753513 3.513142 1.082419 1.456562 1.033929 0.334382 -0.212321 -0.212321 -0.212321 ] 
[-0.212321 0.903506 1.321500 2.552381 2.722520 1.262052 1.620394 1.064470 0.147302 -0.212321 -0.212321 -0.212321 ] 
[-0.040558 0.834661 0.606576 0.333588 0.333588 0.333588 0.370096 -0.320800 -0.212321 -0.212321 -0.212321 -0.212321 ] 
[-0.212321 -0.212321 -0.212321 -0.212321 -0.212321 -0.212321 -0.212321 -0.212321 -0.212321 -0.212321 -0.212321 -0.212321 ] 
[-0.212321 -0.212321 -0.212321 -0.212321 -0.212321 -0.212321 -0.212321 -0.212321 -0.212321 -0.212321 -0.212321 -0.212321 ] 
] 
[[-0.084647 -0.084647 -0.084647 -0.084647 0.403244 0.712010 0.887876 0.853749 -0.084647 -0.084647 -0.084647 -0.084647 ] 
[-0.084647 -0.084647 -0.040741 0.520973 0.681592 1.037660 0.838554 1.164336 -0.084647 -0.084647 -0.084647 -0.084647 ] 
[-0.084647 -0.084647 0.149302 0.444590 1.347393 1.331814 0.888604 0.599542 -0.084647 -0.084647 -0.084647 -0.084647 ] 
[-0.084647 -0.084647 0.045983 0.369095 0.898726 0.777787 0.915655 0.475535 -0.084647 -0.084647 -0.084647 -0.084647 ] 
[-0.084647 -0.084647 0.107447 0.341329 0.704773 0.343583 0.603522 -0.033676 -0.084647 -0.084647 -0.084647 -0.084647 ] 
[-0.084647 -0.084647 -0.084647 0.457500 0.909548 0.900465 0.563439 -0.084647 -0.084647 -0.084647 -0.084647 -0.084647 ] 
[-0.084647 -0.084647 -0.040741 0.801108 0.764649 1.013290 0.572963 -0.084647 -0.084647 -0.084647 -0.084647 -0.084647 ] 
[0.116716 0.444453 1.104063 1.441678 1.160675 1.635983 1.054673 0.628295 0.096078 -0.084647 -0.084647 -0.084647 ] 
[0.027203 0.136282 0.875249 1.222213 0.530684 1.099699 0.942574 1.019214 0.427103 -0.084647 -0.084647 -0.084647 ] 
[0.130772 0.366725 0.097362 0.005278 0.005278 0.005278 0.005278 0.068554 0.037851 -0.084647 -0.084647 -0.084647 ] 
[-0.084647 -0.084647 -0.084647 -0.084647 -0.084647 -0.084647 -0.084647 -0.084647 -0.084647 -0.084647 -0.084647 -0.084647 ] 
[-0.084647 -0.084647 -0.084647 -0.084647 -0.084647 -0.084647 -0.084647 -0.084647 -0.084647 -0.084647 -0.084647 -0.084647 ] 
] 
[[-0.050336 -0.050336 -0.050336 -0.050336 -0.050336 0.671140 1.108522 0.776990 -0.050336 -0.050336 -0.050336 -0.050336 ] 
[-0.050336 -0.050336 -0.050336 -0.052706 0.806918 1.686969 2.014297 1.025175 -0.050336 -0.050336 -0.050336 -0.050336 ] 
[-0.050336 -0.050336 0.254845 1.309499 1.946818 1.766670 0.839561 -0.248494 -0.050336 -0.050336 -0.050336 -0.050336 ] 
[-0.050336 -0.050336 0.354105 0.892621 1.225260 0.575640 0.373824 0.007401 -0.050336 -0.050336 -0.050336 -0.050336 ] 
[-0.050336 -0.050336 -0.050336 -0.110615 0.360167 0.839652 0.254561 -0.050336 -0.050336 -0.050336 -0.050336 -0.050336 ] 
[-0.050336 -0.050336 -0.050336 0.155378 0.523738 0.682980 -0.231721 -0.050336 -0.050336 -0.050336 -0.050336 -0.050336 ] 
[-0.050336 -0.050336 -0.050336 0.567588 0.980411 0.807835 0.074950 -0.050336 -0.050336 -0.050336 -0.050336 -0.050336 ] 
[-0.003405 0.126519 0.757062 1.173862 0.844994 0.283222 0.469928 0.640264 -0.038222 -0.050336 -0.050336 -0.050336 ] 
[0.262075 1.184567 2.736655 2.551705 2.183502 2.181134 2.672669 1.819854 0.641822 -0.050336 -0.050336 -0.050336 ] 
[-0.050336 -0.430738 -1.041373 -1.531462 -1.531462 -1.531462 -1.454468 -0.774004 -0.050336 -0.050336 -0.050336 -0.050336 ] 
[-0.050336 -0.050336 -0.050336 -0.050336 -0.050336 -0.050336 -0.050336 -0.050336 -0.050336 -0.050336 -0.050336 -0.050336 ] 
[-0.050336 -0.050336 -0.050336 -0.050336 -0.050336 -0.050336 -0.050336 -0.050336 -0.050336 -0.050336 -0.050336 -0.050336 ] 
] 
[[-0.180729 -0.180729 -0.180729 -0.180729 -0.180729 0.590863 0.923803 0.511018 -0.180729 -0.180729 -0.180729 -0.180729 ] 
[-0.180729 -0.180729 -0.180729 -0.192719 1.107673 2.078659 1.660613 -0.039265 -0.180729 -0.180729 -0.180729 -0.180729 ] 
[-0.180729 -0.180729 -0.069005 1.449197 2.329650 2.102377 0.681211 -0.514889 -0.180729 -0.180729 -0.180729 -0.180729 ] 
[-0.180729 -0.180729 0.507835 1.580883 1.072169 0.637856 -0.131147 -0.180729 -0.180729 -0.180729 -0.180729 -0.180729 ] 
[-0.180729 -0.180729 0.309620 0.225206 1.243783 1.622737 -0.802278 -0.180729 -0.180729 -0.180729 -0.180729 -0.180729 ] 
[-0.180729 -0.180729 -0.180729 0.111757 1.806360 0.968371 -0.519214 -0.180729 -0.180729 -0.180729 -0.180729 -0.180729 ] 
[-0.180729 -0.180729 -0.180729 0.726793 1.997351 0.382535 -0.175130 -0.180729 -0.180729 -0.180729 -0.180729 -0.180729 ] 
[-0.160440 -0.070201 0.794477 2.384488 1.915111 -0.004418 0.696583 1.101391 0.053690 -0.180729 -0.180729 -0.180729 ] 
[0.305553 1.218864 1.477217 2.005883 0.734556 0.627562 1.067423 0.682048 -0.038386 -0.180729 -0.180729 -0.180729 ] 
[0.457564 0.651415 -0.065433 -0.504345 -0.504345 -0.504345 -0.504345 -0.688933 -0.180729 -0.180729 -0.180729 -0.180729 ] 
[-0.180729 -0.180729 -0.180729 -0.180729 -0.180729 -0.180729 -0.180729 -0.180729 -0.180729 -0.180729 -0.180729 -0.180729 ] 
[-0.180729 -0.180729 -0.180729 -0.180729 -0.180729 -0.180729 -0.180729 -0.180729 -0.180729 -0.180729 -0.180729 -0.180729 ] 
] 
[[-0.034279 -0.034279 -0.034279 -0.034279 -0.034279 -0.628372 1.856195 1.396520 -0.034279 -0.034279 -0.034279 -0.034279 ] 
[-0.034279 -0.034279 -0.034279 -0.045482 -0.843236 0.278554 3.135430 1.894718 -0.034279 -0.034279 -0.034279 -0.034279 ] 
[-0.034279 -0.034279 -0.041192 -1.345594 -0.215405 2.388515 3.916227 1.854945 -0.034279 -0.034279 -0.034279 -0.034279 ] 
[-0.034279 -0.034279 -0.087399 -0.115004 0.205758 3.060934 3.484862 0.715871 -0.034279 -0.034279 -0.034279 -0.034279 ] 
[-0.034279 -0.034279 -0.034279 0.059466 -1.085063 3.295830 3.063520 0.212135 -0.034279 -0.034279 -0.034279 -0.034279 ] 
[-0.034279 -0.034279 -0.034279 -0.071465 0.362021 3.268677 1.870264 -0.034279 -0.034279 -0.034279 -0.034279 -0.034279 ] 
[-0.034279 -0.034279 -0.034279 -0.879675 2.495170 3.332476 0.769989 -0.032379 -0.034279 -0.034279 -0.034279 -0.034279 ] 
[-0.034279 -0.237974 0.062466 -0.973659 2.737623 3.196869 0.712545 1.427544 0.205715 -0.034279 -0.034279 -0.034279 ] 
[-0.034279 -1.009279 0.239284 0.622514 1.652453 1.435270 1.407708 1.624508 0.428044 -0.034279 -0.034279 -0.034279 ] 
[-0.034279 0.191373 1.008058 1.008058 1.008058 1.008058 1.632725 1.621887 0.233589 -0.034279 -0.034279 -0.034279 ] 
[-0.034279 -0.034279 -0.034279 -0.034279 -0.034279 -0.034279 -0.034279 -0.034279 -0.034279 -0.034279 -0.034279 -0.034279 ] 
[-0.034279 -0.034279 -0.034279 -0.034279 -0.034279 -0.034279 -0.034279 -0.034279 -0.034279 -0.034279 -0.034279 -0.034279 ] 
] 
[[-0.139066 -0.139066 -0.139066 -0.139066 -0.071481 -0.338022 0.567246 0.197545 -0.139066 -0.139066 -0.139066 -0.139066 ] 
[-0.139066 -0.139066 -0.071481 -0.118135 -0.453248 0.012395 1.323759 1.424755 -0.139066 -0.139066 -0.139066 -0.139066 ] 
[-0.139066 -0.139066 -0.131380 -0.399979 0.204183 1.216453 1.847289 1.348117 -0.139066 -0.139066 -0.139066 -0.139066 ] 
[-0.139066 -0.139066 0.098254 0.046172 0.820989 1.209825 1.734282 0.739323 -0.139066 -0.139066 -0.139066 -0.139066 ] 
[-0.139066 -0.139066 0.145532 0.109308 0.227534 1.181759 1.627196 0.407847 -0.139066 -0.139066 -0.139066 -0.139066 ] 
[-0.139066 -0.139066 -0.139066 -0.097720 -0.244212 1.615139 1.359409 -0.139066 -0.139066 -0.139066 -0.139066 -0.139066 ] 
[-0.139066 -0.139066 -0.071481 -0.350804 0.218904 1.684650 0.795021 -0.139028 -0.139066 -0.139066 -0.139066 -0.139066 ] 
[-0.071481 -0.324603 -0.149016 -0.051921 0.921664 1.507714 0.280876 0.248642 0.008601 -0.139066 -0.139066 -0.139066 ] 
[-0.095489 -0.414173 0.603128 0.804396 1.065181 1.410311 0.508015 0.956436 0.301286 -0.139066 -0.139066 -0.139066 ] 
[0.161554 0.265544 1.263415 1.263415 1.263415 1.263415 1.263415 1.067134 0.525668 -0.139066 -0.139066 -0.139066 ] 
[-0.139066 -0.139066 -0.139066 -0.139066 -0.139066 -0.139066 -0.139066 -0.139066 -0.139066 -0.139066 -0.139066 -0.139066 ] 
[-0.139066 -0.139066 -0.139066 -0.139066 -0.139066 -0.139066 -0.139066 -0.139066 -0.139066 -0.139066 -0.139066 -0.139066 ] 
] 
[[-0.112876 -0.112876 -0.112876 -0.112876 -0.048334 0.565027 0.612238 0.272807 -0.112876 -0.112876 -0.112876 -0.112876 ] 
[-0.112876 -0.112876 -0.112876 0.034919 0.545410 1.064792 1.526228 1.365496 -0.112876 -0.112876 -0.112876 -0.112876 ] 
[-0.112876 -0.112876 -0.047750 0.920877 1.062180 1.708959 1.457417 1.239191 -0.112876 -0.112876 -0.112876 -0.112876 ] 
[-0.112876 -0.112876 0.068542 0.630106 1.489927 1.612568 1.652852 0.942965 -0.112876 -0.112876 -0.112876 -0.112876 ] 
[-0.112876 -0.112876 -0.060952 -0.269992 0.857648 1.000744 1.172992 0.437225 -0.112876 -0.112876 -0.112876 -0.112876 ] 
[-0.112876 -0.112876 -0.112876 0.154077 0.818617 1.055937 1.240870 -0.112876 -0.112876 -0.112876 -0.112876 -0.112876 ] 
[-0.112876 -0.112876 -0.112876 0.310219 0.669376 1.279846 1.032888 -0.112876 -0.112876 -0.112876 -0.112876 -0.112876 ] 
[-0.047675 0.543347 0.565980 0.717291 1.304412 1.736078 1.013859 0.350347 0.138336 -0.112876 -0.112876 -0.112876 ] 
[-0.019091 0.762827 1.435057 1.426473 2.000844 2.090723 1.462299 1.406489 0.491452 -0.112876 -0.112876 -0.112876 ] 
[0.050375 -0.012033 0.884096 0.884096 0.884096 0.884096 0.884096 0.975494 0.572727 -0.112876 -0.112876 -0.112876 ] 
[-0.112876 -0.112876 -0.112876 -0.112876 -0.112876 -0.112876 -0.112876 -0.112876 -0.112876 -0.112876 -0.112876 -0.112876 ] 
[-0.112876 -0.112876 -0.112876 -0.112876 -0.112876 -0.112876 -0.112876 -0.112876 -0.112876 -0.112876 -0.112876 -0.112876 ] 
] 
[[-0.047726 -0.047726 -0.047726 -0.047726 -0.047726 -0.322163 0.292630 0.371261 -0.047726 -0.047726 -0.047726 -0.047726 ] 
[-0.047726 -0.047726 -0.047726 -0.058294 -0.311239 -0.186960 0.109843 0.293947 -0.047726 -0.047726 -0.047726 -0.047726 ] 
[-0.047726 -0.047726 -0.035086 -0.419444 0.244711 0.044591 0.009145 -0.280343 -0.047726 -0.047726 -0.047726 -0.047726 ] 
[-0.047726 -0.047726 0.236668 0.371686 0.294935 -0.321659 -0.192567 -0.047726 -0.047726 -0.047726 -0.047726 -0.047726 ] 
[-0.047726 -0.047726 0.245837 0.346065 -0.498764 0.394122 -0.216935 -0.047726 -0.047726 -0.047726 -0.047726 -0.047726 ] 
[-0.047726 -0.047726 -0.047726 -0.039717 -0.177380 0.269210 -0.286953 -0.047726 -0.047726 -0.047726 -0.047726 -0.047726 ] 
[-0.047726 -0.047726 -0.047726 -0.046099 0.163777 -0.060941 -0.046007 -0.047726 -0.047726 -0.047726 -0.047726 -0.047726 ] 
[0.001751 -0.369706 -0.187158 -0.207998 0.014123 -0.437122 -0.234929 0.093459 -0.047726 -0.047726 -0.047726 -0.047726 ] 
[0.010811 -0.137335 0.129084 0.577624 -0.023053 -0.360360 -0.005859 0.499230 0.186796 -0.047726 -0.047726 -0.047726 ] 
[0.284223 0.568013 0.095917 -0.109523 -0.109523 -0.109523 -0.109523 -0.448182 -0.047726 -0.047726 -0.047726 -0.047726 ] 
[-0.047726 -0.047726 -0.047726 -0.047726 -0.047726 -0.047726 -0.047726 -0.047726 -0.047726 -0.047726 -0.047726 -0.047726 ] 
[-0.047726 -0.047726 -0.047726 -0.047726 -0.047726 -0.047726 -0.047726 -0.047726 -0.047726 -0.047726 -0.047726 -0.047726 ] 
] 
[[-0.071488 -0.071488 -0.071488 -0.071488 -0.071488 -0.331046 -0.017576 0.004394 -0.071488 -0.071488 -0.071488 -0.071488 ] 
[-0.071488 -0.071488 -0.071488 -0.109627 -0.377811 0.646787 0.604712 0.517028 -0.071488 -0.071488 -0.071488 -0.071488 ] 
[-0.071488 -0.071488 -0.068878 0.244595 0.795485 0.499142 0.375909 -0.159970 -0.071488 -0.071488 -0.071488 -0.071488 ] 
[-0.071488 -0.071488 -0.072300 0.437629 0.535960 0.040607 -0.053841 0.052069 -0.071488 -0.071488 -0.071488 -0.071488 ] 
[-0.071488 -0.071488 -0.071488 -0.029133 -0.195920 0.192251 -0.137197 -0.071488 -0.071488 -0.071488 -0.071488 -0.071488 ] 
[-0.071488 -0.071488 -0.071488 -0.198077 0.292170 0.286328 -0.150157 -0.071488 -0.071488 -0.071488 -0.071488 -0.071488 ] 
[-0.071488 -0.071488 -0.071488 -0.296074 0.415462 0.206151 0.073741 -0.071488 -0.071488 -0.071488 -0.071488 -0.071488 ] 
[-0.071488 -0.144021 -0.372726 -0.304819 0.050635 -0.668392 -0.295170 -0.266355 -0.071488 -0.071488 -0.071488 -0.071488 ] 
[-0.071488 0.437267 1.006347 1.314784 1.006312 0.886220 1.113104 1.117564 0.335416 -0.071488 -0.071488 -0.071488 ] 
[-0.071488 -0.039146 -0.571112 -0.699936 -0.699936 -0.699936 -0.538969 -0.660671 -0.071488 -0.071488 -0.071488 -0.071488 ] 
[-0.071488 -0.071488 -0.071488 -0.071488 -0.071488 -0.071488 -0.071488 -0.071488 -0.071488 -0.071488 -0.071488 -0.071488 ] 
[-0.071488 -0.071488 -0.071488 -0.071488 -0.071488 -0.071488 -0.071488 -0.071488 -0.071488 -0.071488 -0.071488 -0.071488 ] 
] 
[[-0.071127 -0.071127 -0.071127 -0.071127 0.302948 0.554759 0.286261 0.200567 -0.071127 -0.071127 -0.071127 -0.071127 ] 
[-0.071127 -0.071127 -0.071127 0.301341 0.664754 1.132912 0.637875 0.131817 -0.071127 -0.071127 -0.071127 -0.071127 ] 
[-0.071127 -0.071127 0.464011 0.901440 1.173403 0.996018 -0.738086 -0.306949 -0.071127 -0.071127 -0.071127 -0.071127 ] 
[-0.071127 -0.071127 0.360080 0.503508 0.117489 -0.451742 -0.600573 -0.071127 -0.071127 -0.071127 -0.071127 -0.071127 ] 
[-0.071127 -0.071127 -0.071127 0.187602 0.520828 -0.198234 -0.604113 -0.071127 -0.071127 -0.071127 -0.071127 -0.071127 ] 
[-0.071127 -0.071127 -0.071127 0.506476 0.704973 -0.422511 -0.319454 -0.071127 -0.071127 -0.071127 -0.071127 -0.071127 ] 
[-0.071127 -0.071127 -0.071127 0.695156 0.669599 -0.249264 -0.073103 -0.070099 -0.071127 -0.071127 -0.071127 -0.071127 ] 
[0.184130 0.312871 0.729376 0.895747 0.475524 -0.117724 0.279143 0.105490 0.200567 -0.071127 -0.071127 -0.071127 ] 
[0.484310 0.946587 1.291459 1.340171 0.418566 0.784435 1.319582 0.609125 0.122309 -0.071127 -0.071127 -0.071127 ] 
[-0.071127 -0.359308 -0.747945 -0.932354 -0.932354 -0.932354 -0.851497 -0.283600 -0.071127 -0.071127 -0.071127 -0.071127 ] 
[-0.071127 -0.071127 -0.071127 -0.071127 -0.071127 -0.071127 -0.071127 -0.071127 -0.071127 -0.071127 -0.071127 -0.071127 ] 
[-0.071127 -0.071127 -0.071127 -0.071127 -0.071127 -0.071127 -0.071127 -0.071127 -0.071127 -0.071127 -0.071127 -0.071127 ] 
] 
[[-0.272847 -0.272847 -0.272847 -0.272847 -0.216433 -0.469881 -0.599197 -0.128269 -0.272847 -0.272847 -0.272847 -0.272847 ] 
[-0.272847 -0.272847 -0.216433 -0.255729 -0.484698 -1.309976 -0.471493 -0.127540 -0.272847 -0.272847 -0.272847 -0.272847 ] 
[-0.272847 -0.272847 -0.266431 -0.516481 -1.682452 -0.547468 -0.156186 -0.108703 -0.272847 -0.272847 -0.272847 -0.272847 ] 
[-0.272847 -0.272847 -0.274633 0.218457 0.451078 -0.377895 -0.187581 -0.203811 -0.272847 -0.272847 -0.272847 -0.272847 ] 
[-0.272847 -0.272847 -0.219289 0.467187 0.082593 -0.237192 -0.104474 -0.272847 -0.272847 -0.272847 -0.272847 -0.272847 ] 
[-0.272847 -0.272847 -0.272847 -0.238335 -0.847433 -0.197529 -0.114040 -0.272847 -0.272847 -0.272847 -0.272847 -0.272847 ] 
[-0.272847 -0.272847 -0.216433 -0.266293 -0.686105 -0.241337 -0.201749 -0.270579 -0.272847 -0.272847 -0.272847 -0.272847 ] 
[-0.216433 -0.429630 -0.359020 -0.593315 -0.668356 -0.277802 -0.260608 -0.081594 -0.128269 -0.272847 -0.272847 -0.272847 ] 
[-0.272847 -0.638052 -0.551089 -0.015106 0.142553 -0.520157 -0.382138 -0.055079 -0.072360 -0.272847 -0.272847 -0.272847 ] 
[-0.183583 0.352400 0.599988 0.599988 0.599988 0.599988 0.749358 0.511795 -0.210459 -0.272847 -0.272847 -0.272847 ] 
[-0.272847 -0.272847 -0.272847 -0.272847 -0.272847 -0.272847 -0.272847 -0.272847 -0.272847 -0.272847 -0.272847 -0.272847 ] 
[-0.272847 -0.272847 -0.272847 -0.272847 -0.272847 -0.272847 -0.272847 -0.272847 -0.272847 -0.272847 -0.272847 -0.272847 ] 
] 
[[-0.232937 -0.232937 -0.232937 -0.232937 -0.232937 -1.101279 -0.403002 -0.406740 -0.232937 -0.232937 -0.232937 -0.232937 ] 
[-0.232937 -0.232937 -0.232937 -0.256631 -1.117268 -0.326416 0.061212 -0.454851 -0.232937 -0.232937 -0.232937 -0.232937 ] 
[-0.232937 -0.232937 -0.247557 -1.316631 0.045242 0.865088 1.166523 0.000371 -0.232937 -0.232937 -0.232937 -0.232937 ] 
[-0.232937 -0.232937 0.750527 2.289523 1.969895 1.356294 0.708733 -0.217470 -0.232937 -0.232937 -0.232937 -0.232937 ] 
[-0.232937 -0.232937 0.563147 1.167149 0.689557 1.308855 0.489170 -0.161874 -0.232937 -0.232937 -0.232937 -0.232937 ] 
[-0.232937 -0.232937 -0.232937 -0.311584 0.548626 1.006830 -0.007349 -0.232937 -0.232937 -0.232937 -0.232937 -0.232937 ] 
[-0.232937 -0.232937 -0.232937 -0.712593 0.730063 0.542389 -0.213708 -0.232937 -0.232937 -0.232937 -0.232937 -0.232937 ] 
[-0.232937 -0.634201 -0.691985 -0.594561 0.790666 0.174376 -0.736265 -0.377775 -0.232937 -0.232937 -0.232937 -0.232937 ] 
[0.247524 0.792094 1.105426 2.060555 1.968912 1.127710 0.643882 -0.073909 -0.232937 -0.232937 -0.232937 -0.232937 ] 
[0.673315 2.513771 3.184099 3.149315 3.149315 3.149315 3.149315 1.209843 -0.126343 -0.232937 -0.232937 -0.232937 ] 
[-0.232937 -0.232937 -0.232937 -0.232937 -0.232937 -0.232937 -0.232937 -0.232937 -0.232937 -0.232937 -0.232937 -0.232937 ] 
[-0.232937 -0.232937 -0.232937 -0.232937 -0.232937 -0.232937 -0.232937 -0.232937 -0.232937 -0.232937 -0.232937 -0.232937 ] 
] 
] 
