[[[-0.861426 -1.337995 -1.764315 -1.287427 -1.131458 -3.290215 -4.198379 -2.486578 ] 
[0.852428 0.588881 -1.108552 -0.941782 -0.446823 -1.033529 -1.765318 -1.971268 ] 
[1.280404 0.467879 -0.642367 -0.437047 -0.432523 0.374940 0.394017 -0.419474 ] 
[0.139446 0.548320 0.894615 0.584960 -0.813654 -1.363249 -0.418697 0.215692 ] 
[-0.563052 -0.399606 -0.374990 -0.628358 -1.866531 -1.929784 -0.402271 0.127330 ] 
[-1.028121 -1.285192 -1.833110 -1.943725 -2.244991 -2.392186 -1.606897 -0.652312 ] 
[-0.123731 -1.096612 -2.435966 -1.230736 -0.577908 -1.356671 -2.556588 -1.909992 ] 
[1.237228 0.998923 1.190199 1.521297 1.249796 0.610441 -0.597962 -1.233753 ] 
] 
[[1.453052 1.751378 1.744628 2.051062 1.907195 0.821218 0.329291 0.875582 ] 
[0.382850 -1.284758 -1.963497 -1.940084 -1.731644 -1.118143 0.271568 0.352951 ] 
[-2.789826 -3.072496 -2.396151 -2.791159 -2.862267 -1.366066 -0.328618 -0.480484 ] 
[-1.504769 -0.391056 0.250577 -0.440420 -1.114294 -0.245140 -0.889434 -0.626338 ] 
[0.651718 -0.058282 -0.923422 -2.095504 -1.396999 -0.982257 -0.715332 0.145769 ] 
[-0.660138 -2.167078 -3.209488 -2.635131 -1.558935 -0.791651 -0.278553 0.436458 ] 
[0.586127 0.083992 0.461608 0.601615 0.927159 0.664656 0.490361 0.309151 ] 
[-1.850485 -1.779189 -1.368729 -1.189136 -1.495136 -0.931612 -0.381483 -0.217910 ] 
] 
[[-0.263744 -0.052672 -0.041029 0.093699 -2.164201 -2.227757 -1.528374 -1.218054 ] 
[-0.246944 -0.463753 -1.157951 -0.458464 0.666864 1.250322 0.478781 -1.227396 ] 
[0.174851 0.199732 -0.802721 0.067418 -0.108819 -1.012073 0.244443 -0.288873 ] 
[-0.862740 -1.102251 -0.421194 0.142406 -0.744783 -1.469003 -0.331436 0.084368 ] 
[-2.363246 -1.656537 -1.377125 -1.778959 -1.815908 -0.239207 0.808641 0.888854 ] 
[-1.006874 -1.471233 -1.897802 -2.458373 -2.472160 -1.878083 -0.924306 -0.187516 ] 
[1.640075 1.208530 -0.180241 0.074245 -1.732957 -2.405704 -2.192685 -1.458911 ] 
[1.484828 1.394612 1.108404 1.157851 0.694116 0.316876 0.167538 -0.735577 ] 
] 
[[-1.384889 -0.581251 -0.652979 -2.804583 -3.989546 -2.585092 -1.113094 -0.239527 ] 
[0.291120 0.262951 -0.924434 -2.471574 -2.625628 -1.279076 -2.070910 -1.496569 ] 
[0.750932 -1.307280 -2.849832 -1.136324 0.786386 -0.239455 -1.694729 -1.218721 ] 
[0.107762 -0.586118 0.445882 2.464195 0.332521 -1.986339 -1.778616 -0.363659 ] 
[0.066958 1.350113 2.446669 1.366698 -0.559553 -0.837634 0.363750 0.418337 ] 
[-0.814777 0.047780 -1.199089 -2.446840 -0.566791 1.507450 0.982427 0.681246 ] 
[-2.189993 -4.152361 -5.289430 -4.860398 -3.434930 -2.462734 -1.830860 -1.041664 ] 
[0.028024 -1.415182 -1.291773 -1.136319 -2.434310 -3.044969 -2.829421 -1.357578 ] 
] 
[[-1.054451 -0.468568 -0.037773 -0.563719 -0.772583 0.548490 0.466977 -0.283510 ] 
[2.132077 3.081049 3.526388 3.005149 2.441730 2.473170 0.862265 -0.118228 ] 
[1.346467 -0.551220 -2.999791 -3.358390 -3.035963 -2.675696 -1.608338 -1.089659 ] 
[-3.547405 -3.838019 -2.404075 -0.869509 -0.766367 -0.521415 -0.625882 -0.784625 ] 
[-2.107020 -0.699534 0.068385 -1.428694 -1.453497 -0.946883 -0.107175 0.089556 ] 
[-0.690512 -0.207002 -1.617908 -3.261389 -3.608603 -2.269449 -1.141615 -0.215128 ] 
[1.445990 -0.522193 -2.437777 -3.286251 -2.850088 -1.591229 -0.841621 -0.557863 ] 
[2.963151 3.024774 3.313961 4.121500 4.066255 3.114983 1.530365 0.483145 ] 
] 
[[1.315228 0.375476 -0.613828 -1.279122 -1.295021 -1.025863 0.012913 0.156972 ] 
[-2.933926 -2.648910 -1.384832 -0.405209 -0.567517 -0.035742 0.020168 -0.171461 ] 
[-1.233940 0.202144 0.503733 -1.139736 -1.583897 -1.804502 -1.219064 -0.667880 ] 
[0.454200 0.043527 -1.367861 -1.436065 -0.891590 -1.328845 -1.524534 -0.750215 ] 
[1.037433 -0.698175 -1.322658 -1.006578 -0.547302 -0.397503 -0.740610 -0.489407 ] 
[2.132761 3.057487 4.412035 5.326165 4.015872 2.419094 1.520357 0.594240 ] 
[-1.358968 -0.581252 -0.255950 -0.656943 -1.516908 -1.450405 -0.668242 -0.284847 ] 
[-2.299754 -2.621077 -2.978170 -3.067547 -2.157235 -1.349393 -0.737304 -0.512681 ] 
] 
[[1.528990 -1.179233 -3.385966 -1.648676 -1.104452 -2.417629 -2.396684 -0.184051 ] 
[-1.685991 -4.841722 -5.039044 -1.988662 -2.909490 -4.835670 -3.890739 -0.641189 ] 
[-3.980043 -4.243015 -1.446710 -2.122756 -4.457469 -5.065291 -2.496255 -0.181117 ] 
[-1.205870 1.653277 0.914990 -2.791580 -4.137987 -2.191045 0.491819 1.131171 ] 
[2.442987 0.991731 -2.839824 -4.686841 -2.813313 -1.180121 0.624844 1.453492 ] 
[0.221780 -4.704974 -6.882310 -3.989738 -2.113505 -1.971032 -1.426623 0.156528 ] 
[-2.872100 -5.623945 -4.159897 -2.049543 -1.963272 -2.550076 -1.747307 -0.026468 ] 
[-4.769436 -4.920501 -4.001654 -3.313621 -3.460698 -3.236949 -1.800341 -0.113463 ] 
] 
[[0.068235 -0.249578 -0.101524 1.152488 0.156145 -2.143188 -2.077855 -0.375963 ] 
[0.253736 -0.657167 -0.565295 1.042231 1.689741 0.366829 -1.661412 -1.046764 ] 
[-0.597974 -0.557940 -1.793706 -1.417183 -0.952125 0.536221 -0.155911 -0.893614 ] 
[-0.367505 0.900182 0.809651 -0.251604 -0.508830 0.339497 -0.419654 -0.395970 ] 
[0.388708 0.083067 -0.691787 -1.098555 -0.847532 -0.429118 0.476206 0.447780 ] 
[-0.451419 -1.683130 -1.745319 -0.795712 -1.337893 -1.481940 -0.290021 0.363641 ] 
[-0.580885 -1.419837 -1.484787 -0.596252 -0.983269 -2.010451 -2.180307 -0.686566 ] 
[0.510709 0.463459 0.270793 0.626787 1.281203 0.099430 -1.373857 -1.062356 ] 
] 
[[-0.456752 -1.109026 -1.884706 -0.874028 -1.380888 -1.876719 -0.581921 -0.320462 ] 
[0.037106 -0.197406 0.719534 2.624335 0.669487 -1.539188 -0.240288 -0.082640 ] 
[0.669655 0.366246 -0.475814 0.147192 -1.333871 -1.864507 -0.840707 -0.536976 ] 
[-1.737854 -2.566374 -1.676053 -0.890831 -0.506778 -1.279614 -0.961016 -0.746001 ] 
[-2.572999 -1.737401 -1.539100 -0.748461 -2.233413 -2.604023 -1.698156 -0.686377 ] 
[-0.348992 0.117424 0.537718 -1.314623 -2.537535 -2.509300 -1.117275 -0.775690 ] 
[1.244242 1.779528 -0.757482 -1.374466 -2.097607 -1.427088 -0.440883 -0.222903 ] 
[2.873776 1.232649 1.086859 1.816584 1.394022 0.048651 0.255876 -0.036096 ] 
] 
[[0.528978 0.662146 1.097626 1.284025 -0.813660 -1.283657 -2.048029 -2.150630 ] 
[1.639169 1.540408 1.552741 1.362660 0.320706 -1.272557 -1.547361 -1.389271 ] 
[-0.027344 -0.544409 -1.368961 -0.416345 -0.256273 -0.618168 -0.952722 -1.060755 ] 
[-1.150132 -1.768326 -2.034360 -2.282172 -1.531723 -0.811959 -0.815370 -0.844846 ] 
[-2.902928 -3.417193 -3.923856 -4.407079 -3.725319 -2.742702 -2.184781 -1.456641 ] 
[-1.417490 -2.516676 -3.348849 -4.465071 -5.104911 -4.101143 -3.804446 -2.511621 ] 
[3.200925 3.071149 2.657169 2.410749 0.727681 -0.560781 -1.083409 -1.156433 ] 
[3.070810 3.616185 4.231533 4.695151 3.234282 1.216105 0.349600 -0.259385 ] 
] 
[[-0.270614 0.755950 0.747991 1.524871 1.155791 0.195435 -0.002531 0.347205 ] 
[1.464230 1.382502 -0.388276 -0.550622 -1.281530 -0.836914 0.261306 0.588160 ] 
[0.203620 -0.866264 -1.216830 -1.907997 -0.667538 0.277869 0.027162 -0.344787 ] 
[-2.623039 -3.217636 -3.636068 -1.619109 0.578234 0.303500 -0.698857 -0.712155 ] 
[-4.043249 -4.291545 -2.691202 -1.466613 -2.472065 -3.209847 -2.457005 -0.970355 ] 
[-2.364695 -1.803625 -1.487571 -2.142776 -3.693408 -2.950153 -1.744290 -0.204293 ] 
[3.855767 4.583758 3.702990 2.576479 2.017268 1.920457 1.448506 0.634658 ] 
[2.531690 1.956734 1.145165 1.558460 1.921707 1.323268 0.640623 0.377010 ] 
] 
[[-4.214836 -6.536931 -6.851902 -5.285628 -4.699939 -4.026934 -2.766410 -1.749483 ] 
[-3.182264 -0.207063 3.189261 4.392657 1.665731 -1.187948 -1.965941 -1.503338 ] 
[4.638438 5.649015 3.161555 -1.407742 -3.911095 -3.948265 -1.866580 -1.292418 ] 
[3.181492 0.689235 -3.083516 -3.007087 -1.720376 -0.205197 0.008303 -1.215146 ] 
[0.427288 -0.835587 0.580395 3.439805 3.882818 3.019099 0.817053 -0.430883 ] 
[-3.692940 -2.030590 0.319071 -0.470923 -2.090225 -2.622655 -1.989666 -1.080496 ] 
[-4.651689 -4.755060 -6.957942 -8.897696 -9.056826 -6.734006 -3.441595 -1.380912 ] 
[2.860347 1.801474 0.492368 1.105459 1.480322 1.425696 0.772069 -0.207080 ] 
] 
[[-1.449493 -1.183731 -1.582015 -2.811858 -2.283700 -1.311837 -0.840291 -0.716576 ] 
[0.014129 -0.797288 -1.914926 -3.058581 -2.841643 -2.391554 -1.272652 -0.790777 ] 
[-1.736261 -3.070502 -2.552424 -1.802442 -1.060542 -0.985050 -0.469845 -0.266670 ] 
[-0.388866 0.624837 1.575548 0.330575 -1.302650 -0.587155 -0.306814 0.439165 ] 
[2.069850 1.950192 0.334550 -1.216860 0.015661 0.790166 0.788574 0.720444 ] 
[-0.768399 -2.328707 -4.005526 -2.348791 0.446716 1.041551 0.687084 0.002910 ] 
[-4.626258 -6.040649 -4.499555 -3.165148 -1.525257 -0.777499 -0.564064 -0.551818 ] 
[-2.788294 -1.435331 -0.581385 -1.458458 -2.485141 -2.299475 -1.046945 -0.297953 ] 
] 
[[1.651505 3.441251 2.040652 0.521276 0.809289 0.969820 0.208391 -0.579590 ] 
[3.602113 0.851527 -1.487079 -1.235795 -0.065573 -0.284521 -0.993786 -0.896935 ] 
[-2.220282 -4.985475 -4.017530 -0.709136 -0.580017 -2.481687 -2.669021 -0.607742 ] 
[-4.298102 -2.533259 2.053527 1.852207 -1.351266 -2.719578 -1.637142 -0.151864 ] 
[-0.541446 2.665816 1.874444 -2.753225 -4.287323 -2.502151 -0.686229 0.022463 ] 
[3.436090 1.943349 -1.773581 -3.155233 -2.072354 0.130982 0.373899 -0.486659 ] 
[2.107582 -0.718897 -1.245923 -0.123711 1.034664 0.859053 -0.253394 -0.696071 ] 
[-0.016529 -1.044265 -0.015085 0.494068 -0.008637 -1.332328 -1.297306 -0.505974 ] 
] 
[[-0.111988 -1.289421 -1.182613 0.352608 4.320136 3.451970 -0.465646 -0.756390 ] 
[-1.779364 -1.510425 -2.510171 -3.413717 -2.230754 0.466630 -0.036790 -0.492106 ] 
[-1.486864 -0.747453 -0.828060 -2.973809 -4.103985 -2.853120 -2.084528 -1.519310 ] 
[-0.119763 -0.581792 -2.018151 -2.227153 -1.407103 -1.176817 -1.163597 -1.399523 ] 
[0.947628 -0.212271 -0.510460 0.328379 0.005673 -1.117422 -1.329789 -1.065143 ] 
[0.654157 0.189902 0.264089 0.835703 1.612645 -0.430820 -1.418595 -0.465539 ] 
[-2.183915 -2.200964 -2.392700 -1.888137 0.823993 1.381498 -0.519664 -0.491408 ] 
[-4.712719 -4.957319 -5.411613 -5.522373 -3.408520 -0.093518 0.291129 -0.172436 ] 
] 
[[-2.149558 -0.546640 -0.620080 -2.374172 -2.068673 1.882688 1.859105 -0.690171 ] 
[-0.955097 0.542281 -1.130562 -3.400827 -0.567431 4.659235 2.113782 -1.535742 ] 
[-0.113002 -0.170365 -1.969031 -1.722008 1.622910 3.353548 0.399189 -1.168988 ] 
[-1.524716 -2.388995 -1.878436 -0.041698 1.120064 -0.323313 -0.618057 -0.965488 ] 
[-3.531026 -2.849052 -1.436101 -0.298189 -0.452734 -0.391758 -0.546659 -0.729692 ] 
[-1.940737 -0.817647 -0.411585 -1.076490 -0.542541 0.205172 -0.798515 -1.252122 ] 
[-1.130557 0.178906 -0.644624 -1.561647 -1.131409 0.676277 -0.375719 -0.979200 ] 
[0.104808 0.656416 -0.140374 -1.238211 -0.497740 1.412164 0.700434 -0.515903 ] 
] 
[[-1.363563 -0.255787 0.953074 0.713998 -0.559007 -1.181758 -1.211451 -0.654046 ] 
[2.022472 1.768924 0.566163 -0.869032 -1.231194 -1.264407 -0.740200 -0.589927 ] 
[0.506353 -1.570119 -2.950347 -3.480854 -2.969605 -2.337102 -1.767104 -0.818424 ] 
[-0.310280 -1.035514 0.450220 0.280479 0.470000 -0.100756 -0.414942 -0.157469 ] 
[0.751292 1.547902 1.406240 0.995255 0.198126 -0.281256 -0.283510 0.291950 ] 
[-1.801994 -2.997150 -3.808642 -4.525903 -4.431088 -2.956067 -1.234464 -0.236714 ] 
[-0.464690 -1.625241 -1.645378 -1.807688 -1.460393 -1.185631 -1.023978 -0.672574 ] 
[1.233012 1.321991 1.833342 1.557262 1.229446 0.308781 -0.117103 -0.327169 ] 
] 
[[3.036393 2.562748 0.010761 -1.576356 -0.394072 2.009357 0.824153 -1.552548 ] 
[-1.897251 -1.522056 -2.813859 -2.948632 -2.426788 -1.321921 -0.434630 -0.974190 ] 
[-2.138974 -1.159621 -0.700383 -1.026766 -1.906941 -1.705274 -1.395248 -1.021295 ] 
[-1.311000 -2.064633 -2.232105 -3.278490 -3.180211 -2.796746 -2.255300 -1.251496 ] 
[-0.683497 -2.121094 -3.695575 -3.930300 -4.398570 -5.159671 -4.961017 -2.751700 ] 
[5.405500 5.513274 5.798800 5.787844 5.314758 3.392822 -0.285902 -2.160855 ] 
[0.389432 3.024993 3.340462 2.933964 2.751838 3.637036 2.171235 -0.293272 ] 
[-3.511528 -3.508348 -3.552060 -3.405592 -2.326943 -0.954901 0.217882 -0.054075 ] 
] 
[[0.761451 -0.163982 -1.285488 -2.515019 -2.550655 -2.414809 -2.479122 -0.999480 ] 
[-0.386154 -1.685553 -2.581202 -2.668253 -1.536250 -0.864241 -0.635873 -0.013726 ] 
[-1.726627 -1.896736 -0.053510 1.351526 0.993338 0.927361 0.852283 0.719406 ] 
[-1.448455 -0.096432 0.502148 -1.663979 -2.211013 -1.102766 -0.418596 0.264309 ] 
[-1.172583 -2.244838 -4.378031 -4.911396 -3.169490 -1.382792 -1.335711 -0.868909 ] 
[0.768730 -1.011577 -1.744265 -0.465108 2.378173 1.291260 -0.654893 -0.913982 ] 
[-0.882764 -0.911362 0.583547 2.352445 1.375724 -0.169194 -1.029191 -0.702828 ] 
[-0.976925 0.506201 1.788386 0.101345 -0.854828 -0.630979 -0.069617 0.337451 ] 
] 
[[0.289687 -0.306458 -0.609993 -0.780015 1.158220 1.634711 -0.167986 -1.063832 ] 
[-0.592348 -0.870621 -0.161077 -0.689850 0.826844 2.611604 0.550107 -0.958414 ] 
[-0.933748 0.266125 0.111625 -1.191181 -0.459381 1.077305 1.681290 -0.088377 ] 
[-0.667724 0.283952 0.233472 -1.038860 -1.000106 -0.249119 0.076284 -0.284903 ] 
[-0.004141 -0.239257 -0.405187 -0.546850 0.574664 0.076469 0.249753 0.016238 ] 
[0.757236 0.120092 0.369470 0.279722 0.934925 0.411598 -0.371369 -0.306196 ] 
[-0.738908 -0.324203 -0.578866 -1.083560 0.172249 0.609465 -0.342897 -0.818873 ] 
[-1.404066 -0.687150 -0.932697 -1.353308 -0.232309 1.113679 0.370501 -0.654984 ] 
] 
[[-0.927816 -0.824229 -1.238230 -2.694275 -1.924456 0.059715 0.845108 0.628703 ] 
[-1.179144 -1.323177 -1.387547 -1.308268 0.203198 1.616419 1.543140 0.612264 ] 
[-1.261127 -2.211270 -2.131169 -1.258742 -0.640404 -0.375152 0.064323 0.349228 ] 
[-1.863815 -1.201760 0.044387 0.544864 -0.360574 -0.749440 0.316310 0.681894 ] 
[-0.346931 0.498699 0.653805 0.249106 0.081993 1.189999 2.176568 1.510648 ] 
[-0.995903 -0.793193 -0.974241 -0.824240 1.227026 2.266157 1.794257 1.086751 ] 
[-3.345525 -3.932383 -4.453790 -3.641395 -2.258495 -1.082176 -0.724403 -0.300357 ] 
[-2.102379 -1.953261 -0.900895 -0.576480 -0.685615 -0.358484 0.381655 0.383730 ] 
] 
[[0.030083 0.896637 0.589626 0.265975 1.511508 2.631552 0.757412 -2.616134 ] 
[0.695844 1.354075 0.302468 -1.166928 -0.507776 2.181857 3.866533 -0.338870 ] 
[-1.276723 -0.909933 -2.083287 -2.455511 -2.477896 -2.512691 0.392262 0.578042 ] 
[-2.535650 -2.628268 -0.716933 -0.309994 -0.423162 -1.854651 -0.736884 0.248906 ] 
[-0.546560 -0.860445 -1.224965 -1.694529 -2.100891 -1.930132 -0.804882 -0.305249 ] 
[-0.181551 -0.535878 -2.070535 -2.895020 -1.696198 -0.481121 -1.773836 -2.008987 ] 
[0.408994 0.862002 -0.260864 0.183027 1.099350 2.033555 0.662317 -2.098609 ] 
[-1.828181 0.089095 1.125853 1.953664 1.712104 2.612197 3.652204 0.963708 ] 
] 
[[3.048545 5.256752 6.156822 3.780334 1.272815 -0.224973 0.516093 -0.191938 ] 
[2.014125 0.549062 -1.652774 -2.533791 -2.001370 -0.126794 -0.183692 -1.566772 ] 
[-2.135246 -3.430156 -3.505020 -2.074403 0.758776 0.982019 -2.273732 -2.704919 ] 
[-3.207038 -2.647208 -1.847636 0.646245 0.866500 -2.607390 -3.829525 -2.224757 ] 
[-1.422394 -0.268717 0.782204 -0.038241 -3.908397 -4.673666 -2.406672 -0.823218 ] 
[1.629226 3.592124 2.871167 -0.562774 -0.924558 0.709247 1.970618 0.757495 ] 
[4.537607 4.466579 2.249602 1.577554 1.664997 1.428360 0.035914 -0.968379 ] 
[0.482154 -1.121692 -2.271942 -1.938689 -1.622166 -2.518847 -2.975897 -2.147947 ] 
] 
[[1.749003 1.913813 1.001828 -0.190246 -0.613535 -1.679309 -1.122056 0.473419 ] 
[1.443460 -0.805718 -2.668504 -2.042239 -1.921036 -1.660509 -0.840135 0.641314 ] 
[-2.250178 -4.312794 -2.465121 -0.524265 -0.671158 -1.098207 0.868354 1.181564 ] 
[-3.668015 -1.286372 1.523242 0.174193 -3.174995 -2.258079 0.369968 1.377182 ] 
[-0.861605 0.416313 -0.219793 -4.648958 -4.870432 -1.547598 0.882705 1.071712 ] 
[2.508366 0.747371 -2.715351 -2.828468 0.184500 2.110847 1.366896 0.993863 ] 
[0.903580 -2.057535 -1.633418 1.598020 2.685786 1.223410 0.267549 0.401934 ] 
[-2.217366 -2.544664 -0.025956 0.563968 -0.797745 -1.613979 -0.730391 0.062448 ] 
] 
[[-0.011198 -1.208847 -2.622942 -2.258024 -3.448884 -3.867110 -0.985624 0.239175 ] 
[-1.726701 -3.750650 -3.159853 -1.455579 -2.192933 -2.363380 -0.942342 -0.877573 ] 
[-2.282839 -1.150576 1.639750 0.922309 -1.754205 -0.300441 1.179926 0.139241 ] 
[-0.283431 2.649312 1.566741 -2.765943 -4.031509 -1.163666 0.131898 0.221161 ] 
[0.479841 -0.670760 -3.554269 -4.110922 -1.321653 1.088169 1.752295 0.958458 ] 
[-1.353416 -4.235729 -5.248263 -2.344238 -1.331982 -1.289139 0.031083 0.425384 ] 
[-3.118654 -4.185921 -2.549850 -1.785939 -3.474653 -3.958181 -1.890783 -0.492138 ] 
[-1.851539 -1.324903 -1.346710 -2.966386 -3.964881 -2.732152 -1.374107 -0.847259 ] 
] 
[[0.039123 -0.849128 -2.866429 -3.772972 -2.472814 -1.401672 -1.819712 -2.199939 ] 
[-1.867062 -2.205088 -2.264017 -0.116794 1.517064 0.868584 -0.305967 -0.996312 ] 
[-0.716463 0.230410 1.308429 1.888526 0.213445 -2.609827 -1.300065 -0.202047 ] 
[0.020354 0.439361 -0.493595 -1.669137 -3.159039 -3.152727 -0.956287 0.502120 ] 
[0.445429 -0.603345 -1.677768 -2.341745 -1.060641 -0.104778 0.313196 0.354743 ] 
[0.074294 -1.263300 -2.277130 -1.143949 -0.509026 -0.872365 -1.513577 -1.208110 ] 
[-1.982235 -2.563754 -2.922246 -2.940838 -3.726115 -3.711931 -2.923216 -1.835971 ] 
[-1.502167 -1.384811 -1.683384 -1.754380 -1.126949 -0.465039 0.607044 0.278750 ] 
] 
[[-0.269664 0.913004 1.832098 0.522168 -1.281682 0.064488 1.871612 -1.640030 ] 
[-0.324020 1.952321 0.724760 -1.337173 -1.680679 0.855995 0.882413 -3.286160 ] 
[1.428418 1.491424 -1.724855 -2.987444 -0.452227 1.422634 -2.094548 -4.259616 ] 
[0.370393 -1.977756 -3.353144 -0.013678 2.853061 -0.570335 -4.446381 -3.420085 ] 
[-1.411772 -1.267203 1.831575 4.279801 0.848543 -2.972460 -3.164807 -1.620285 ] 
[-0.685906 2.970317 4.426530 0.968955 -2.931527 -2.313173 -0.112263 -1.085449 ] 
[1.453886 3.543690 -0.003350 -3.480836 -4.176314 -1.189481 -0.458685 -2.156062 ] 
[1.883656 -0.193186 -3.163423 -3.128769 -1.899556 -1.328590 -2.113422 -2.896053 ] 
] 
[[3.124527 3.404110 0.534324 -2.341459 -2.955040 -2.883983 -2.910732 -1.644433 ] 
[-1.927102 -7.102629 -9.678054 -8.666471 -6.087770 -4.531967 -3.703116 -2.501183 ] 
[-7.474952 -7.196336 -3.045368 -0.546638 -0.983541 -1.978983 -1.791333 -0.931974 ] 
[-0.430574 4.022141 5.259145 0.327519 -3.811378 -3.503687 -0.847463 0.373477 ] 
[4.058820 2.994086 -2.687715 -6.676281 -4.244545 -0.204784 0.713307 0.601481 ] 
[0.698189 -4.632799 -7.355433 -3.324063 2.164852 3.636718 1.228053 0.118646 ] 
[-4.879446 -6.670706 -2.826010 0.552100 0.729277 -1.344659 -2.423971 -1.584511 ] 
[-8.191582 -6.479064 -5.517213 -7.114707 -8.294346 -6.760641 -3.820619 -1.777505 ] 
] 
[[-5.533369 -5.119464 -4.897455 -7.088969 -6.565971 -4.411087 -2.668097 -2.870445 ] 
[-1.303736 -1.001268 -3.116354 -4.567609 -1.671859 1.218723 -0.315011 -2.877873 ] 
[2.949385 1.458729 -1.262119 -0.278828 2.221570 1.642035 -1.366689 -2.357346 ] 
[-0.873311 -3.788668 -3.688653 -0.875920 0.433332 -1.033234 -1.256189 -0.980562 ] 
[-7.147250 -5.049353 -1.940390 -0.787816 -1.804638 -0.947869 0.431878 0.194944 ] 
[-6.196888 -3.937007 -3.662217 -5.714440 -5.861553 -3.953199 -2.395396 -1.639838 ] 
[-1.183360 -1.430325 -4.353725 -5.728259 -5.300591 -4.594115 -4.120561 -3.245115 ] 
[3.734920 3.097525 1.515828 1.304585 1.164820 0.982177 -0.247625 -1.071867 ] 
] 
[[0.819356 4.459699 6.623857 5.427142 3.102019 1.769232 1.143282 0.067131 ] 
[4.301539 2.479666 -2.146281 -4.987160 -3.876709 -1.668423 -0.862798 -1.170940 ] 
[-2.916564 -6.552862 -6.876894 -2.033499 1.963052 0.714467 -1.194407 -1.391620 ] 
[-4.981956 -3.970044 0.751168 2.856096 0.512177 -2.086850 -1.674020 -0.653301 ] 
[-3.862561 0.155548 1.305342 -2.528920 -5.951275 -3.903699 -0.658272 -0.279301 ] 
[1.129944 0.743457 -3.178239 -6.583261 -4.252593 -0.822819 0.153156 -0.349012 ] 
[5.128654 3.113647 2.407595 5.608249 7.355352 5.245433 2.021428 0.145458 ] 
[-0.594368 -1.125987 0.209235 0.573739 -0.816068 -2.340858 -2.159497 -1.069712 ] 
] 
[[-1.507166 0.789043 2.319767 0.257004 -0.559643 0.154748 0.214690 -0.111632 ] 
[2.860645 2.638200 -1.260756 -3.241869 -0.557591 0.666948 -0.243139 -0.610031 ] 
[1.052719 -3.007978 -4.587155 0.079292 2.775442 0.005365 -1.128209 -0.807957 ] 
[-2.982054 -3.845880 0.643132 4.687960 0.016693 -2.754086 -0.748788 -0.450411 ] 
[-3.367561 0.741388 3.820960 -1.108593 -4.376654 -1.593286 -0.050279 -0.577323 ] 
[0.788927 3.453327 -1.291027 -4.398453 -1.123038 1.130719 0.491867 -0.724063 ] 
[2.619304 -0.767908 -2.404694 0.709065 2.730977 1.250060 -0.437551 -0.498639 ] 
[-0.463960 -0.825360 1.117215 1.745474 0.097973 -1.517299 -0.940130 -0.359155 ] 
] 
[[0.190176 -1.129682 -1.463336 -1.224803 -2.481649 -1.760489 -1.111284 -0.971822 ] 
[-2.826249 -2.905397 -2.458823 -2.756984 -3.179039 -1.713042 -1.206684 -0.924654 ] 
[-3.010248 -1.579827 -1.294419 -3.253386 -4.674115 -0.655581 0.146895 -0.484773 ] 
[0.059033 2.019054 -0.563842 -3.879248 -4.160594 0.435703 1.648860 0.070645 ] 
[2.515977 1.738142 -2.000938 -3.049368 -0.671794 2.359973 1.864089 0.768143 ] 
[-0.277841 -3.645871 -4.722346 -1.732116 0.602699 0.816364 0.528607 0.046440 ] 
[-5.333441 -6.466939 -4.387144 -1.945047 -2.161509 -1.348198 -1.084583 -0.526719 ] 
[-6.220727 -4.480613 -3.513723 -3.476699 -3.652078 -1.557404 -0.774407 -0.240053 ] 
] 
[[-0.931509 -0.073745 -0.356358 -3.471632 -4.105103 -1.183260 -0.119672 -1.902847 ] 
[-1.873344 -1.274113 -3.009928 -5.421407 -3.413526 1.975207 0.225469 -2.190896 ] 
[-1.659371 -1.940166 -1.899352 -2.824985 0.965841 2.666045 0.762737 -0.707705 ] 
[-1.596370 -1.438423 -2.394301 -1.922234 -2.445760 -2.207530 -0.902418 0.015763 ] 
[-2.122303 -2.460130 -1.524004 -2.831547 -3.504811 -1.377143 0.318570 0.310355 ] 
[-1.031732 -0.407287 -1.465835 -2.659255 -0.930152 1.190859 0.693638 -0.335269 ] 
[-2.019289 -2.703432 -3.382374 -3.398346 -1.782461 -0.254074 -1.302180 -1.733778 ] 
[-2.407575 -2.598198 -2.827259 -3.483172 -2.691475 -0.914556 -0.774333 -1.114992 ] 
] 
[[0.055921 -0.742968 -1.372285 -1.265789 -1.619577 -2.815167 -3.235366 -0.253921 ] 
[0.286298 -1.200751 -1.546544 -0.983537 -0.624689 -3.637439 -3.391942 0.881237 ] 
[0.294518 -1.226046 -1.948858 -0.912592 -0.067002 -1.860421 -1.633680 1.452677 ] 
[-0.068941 -1.422020 -1.449482 -1.394019 -1.430579 -1.167701 -0.643139 1.098137 ] 
[-1.001221 -1.857548 -2.703008 -3.088243 -3.156613 -1.958205 -0.732261 0.343597 ] 
[-0.702317 -2.057600 -2.192379 -2.862195 -2.373183 -1.434540 -0.425690 0.532518 ] 
[-0.333565 -1.555624 -1.871354 -1.101714 -0.313126 -1.183360 -0.937178 0.712770 ] 
[0.253963 -1.162537 -0.838145 0.503653 0.929853 -0.808103 -1.232409 0.859344 ] 
] 
[[-3.900028 -7.072587 -5.262282 -1.908724 -1.697414 -2.426238 -0.442025 1.152889 ] 
[-6.519735 -3.850596 1.507560 0.991221 -4.287158 -2.738867 1.882285 1.798201 ] 
[-0.563481 4.610333 2.404145 -5.931113 -6.388616 1.196067 3.325351 0.538331 ] 
[3.805180 0.536961 -8.739860 -9.385221 1.347173 6.337914 1.544073 -1.079335 ] 
[-2.334370 -10.186765 -10.094538 0.326109 5.710544 0.399276 -3.297407 -1.426561 ] 
[-9.101859 -8.769559 -0.066883 3.813723 -1.548523 -5.049575 -2.409127 0.712281 ] 
[-5.887746 0.948348 3.581742 -1.744336 -4.740002 -1.374089 2.255580 1.771283 ] 
[1.365737 3.153209 -0.493499 -2.245446 0.799117 4.095951 3.226550 0.888651 ] 
] 
[[-0.124235 -1.384500 -0.986368 0.303936 -0.393957 -1.053956 0.475769 0.430409 ] 
[-3.200287 -3.114083 -0.073110 -1.059193 -3.111609 -1.537106 1.532107 -0.003320 ] 
[-3.060608 0.105705 0.449316 -3.760620 -5.137958 -0.667327 2.366666 -1.149548 ] 
[0.148023 1.126437 -2.240912 -5.251408 -1.826913 2.918890 1.144488 -1.998274 ] 
[1.464655 -1.450835 -4.333974 -1.968235 2.472680 1.014473 -1.215207 -1.257113 ] 
[-2.000501 -3.786082 -1.476443 2.051906 0.948935 -1.848340 -1.051157 -0.287682 ] 
[-4.411932 -2.042658 0.664929 -0.061261 -2.556281 -1.765233 0.003143 -0.222204 ] 
[-3.489146 -0.755873 -1.904408 -4.005108 -3.371808 -0.483772 0.424234 -0.969441 ] 
] 
[[-1.646697 -1.349336 -1.737872 -2.579553 -2.904622 -3.266749 -2.988753 -0.709982 ] 
[0.779292 -1.521814 -2.745769 -2.301546 -2.690887 -3.707492 -2.237681 0.547599 ] 
[-0.344338 -2.374082 -2.439509 -1.561126 -2.436019 -3.104847 -0.300525 1.736373 ] 
[-1.380241 -1.686276 -0.898442 -0.383656 -0.275817 0.475263 1.603473 2.075317 ] 
[-2.484937 -2.401662 -2.645443 -3.223087 -2.104258 -0.379232 0.373025 0.828032 ] 
[-5.264773 -7.104235 -8.079094 -7.764620 -5.861675 -3.302444 -1.893197 -0.392755 ] 
[0.359965 -0.886934 -0.236316 -0.138873 -0.299024 -0.828951 -0.513717 0.267900 ] 
[1.546143 1.503210 2.133754 2.761177 1.577454 0.158493 0.479504 1.094544 ] 
] 
[[-0.759606 -2.141024 -2.596416 -2.750052 -3.853739 -6.223256 -4.415096 -1.606168 ] 
[0.501564 -0.784045 -1.876837 -1.054635 -0.920580 -3.175294 -3.273286 -2.337053 ] 
[1.081329 0.477601 0.625172 1.575541 1.213691 0.383530 -0.937226 -1.583427 ] 
[0.170018 0.788889 -0.099904 -1.048133 -1.779604 -1.438612 -1.171842 -0.802359 ] 
[-1.492877 -1.495066 -2.484797 -3.448514 -3.287534 -2.221037 -0.901822 0.158036 ] 
[-0.680512 -2.100030 -3.235385 -2.838822 -3.044610 -3.717870 -2.112692 -0.586994 ] 
[-0.251345 -1.720563 -2.325183 -1.184399 -2.584810 -4.597466 -3.905250 -1.756309 ] 
[1.657068 1.398027 0.465023 0.148770 -0.950085 -2.300593 -2.731628 -1.695057 ] 
] 
[[0.883895 -1.466839 -0.397004 2.384821 1.599375 -1.203384 -0.891334 -0.903042 ] 
[-1.776600 -0.513342 2.957750 4.642566 1.009956 -0.762458 -0.432039 -1.333735 ] 
[-1.115182 2.536972 3.128279 -0.090150 0.114424 1.178942 1.250474 -0.384206 ] 
[2.299418 3.119694 -1.259726 -2.613412 -0.255625 0.274356 -0.345560 -0.317216 ] 
[1.479555 -2.135298 -2.399711 0.351124 2.296626 0.063142 -0.568737 -0.536902 ] 
[-0.106955 0.291345 1.827478 2.445864 -0.173960 -1.516691 -0.801204 -0.761191 ] 
[-0.695123 0.838400 1.072863 0.088802 -0.618640 -0.519908 -0.185842 -0.481271 ] 
[0.341426 0.932169 0.060589 0.377439 1.076682 0.638718 -0.219684 -0.912888 ] 
] 
[[-1.509099 -1.826291 -1.820080 -1.760088 -1.640659 -1.418029 -0.193285 0.486921 ] 
[0.034211 -0.481729 -1.436523 -1.924781 -1.015983 -0.919097 0.489605 1.027623 ] 
[0.066741 -0.877344 -1.825548 -1.526591 -1.969195 -2.007434 -0.444232 0.531563 ] 
[-1.214704 -2.418853 -1.421676 -0.175916 -0.016530 0.351605 1.151869 1.188167 ] 
[-1.914242 -1.347023 -0.678813 -1.129521 -1.315871 -0.852964 0.364580 0.764902 ] 
[-2.753018 -2.529500 -3.638458 -3.399912 -3.319425 -2.297445 -0.587754 0.275625 ] 
[-0.373348 -1.166244 -1.759910 -1.776409 -1.103405 -1.131582 -0.144510 0.336195 ] 
[0.082985 0.092863 0.016975 0.835784 0.973638 1.131294 1.203278 1.154661 ] 
] 
[[0.577445 0.621535 0.287831 0.015007 1.831438 2.102576 -0.278461 -2.149940 ] 
[-0.480403 -0.416850 -1.528310 -1.789960 -0.493344 1.868528 0.840002 -1.825983 ] 
[-1.658736 -0.722906 -0.518244 -2.445254 -2.530825 0.354419 0.974569 -1.103238 ] 
[-1.375696 -0.708285 -1.154908 -2.442951 -2.404668 -0.621014 -0.280488 -1.424042 ] 
[-0.558350 -0.923547 -1.944529 -1.631974 -1.108269 -0.830341 -2.015541 -2.243237 ] 
[0.901805 0.485740 0.649853 0.968477 1.525682 0.037011 -1.350982 -1.517021 ] 
[-0.296988 0.604273 0.895416 0.826449 1.300851 1.611179 0.050097 -1.331617 ] 
[-2.161228 -1.156578 -1.269912 -2.140596 -1.244742 1.432305 1.043702 -1.003763 ] 
] 
[[1.249710 2.025863 3.240630 3.453350 3.917893 3.722076 2.154409 0.290887 ] 
[-0.378235 -0.155395 -1.638517 -2.837541 -3.112407 -2.148131 -0.508383 0.446291 ] 
[-2.909769 -2.992422 -2.145594 -2.317238 -2.800463 -1.922952 -1.239184 0.088273 ] 
[-1.544502 -1.872004 -2.473174 -2.683663 -2.863095 -2.594139 -1.042744 -0.735783 ] 
[-0.889573 -1.590365 -2.673755 -3.346077 -3.741794 -2.530778 -3.012978 -2.440688 ] 
[1.400071 0.968678 -0.066694 0.101444 1.184106 -0.012129 -1.210316 -1.518314 ] 
[1.515723 2.088784 3.370656 5.276594 5.496795 4.400448 3.330149 1.453673 ] 
[-4.402338 -3.523267 -2.291131 -2.469985 -1.842598 -0.423332 0.781753 1.008350 ] 
] 
[[-0.735967 1.049155 -1.982563 -6.475008 -1.529113 3.432849 -1.352566 -4.136426 ] 
[1.349009 -1.197328 -7.157737 -6.807822 2.793001 3.405485 -3.653189 -4.459660 ] 
[-1.004652 -5.906706 -6.801738 -0.352834 3.716508 -2.933086 -6.077127 -3.052655 ] 
[-4.970037 -5.447206 0.459002 4.130353 -1.449431 -5.698493 -4.173613 -1.682288 ] 
[-4.169765 -0.300518 1.622681 -3.534033 -5.956697 -3.322678 -2.149956 -1.735720 ] 
[-0.239341 0.986640 -3.866461 -7.948736 -4.062565 -0.790282 -2.885509 -3.360059 ] 
[1.020936 -2.160326 -6.201518 -6.264847 -2.122739 -1.574955 -4.054505 -3.120158 ] 
[-1.080373 -3.175018 -4.043486 -3.082547 -1.765107 -1.997493 -2.195888 -1.544308 ] 
] 
[[-0.195684 -1.132700 -1.723647 -1.128669 -0.274983 -0.405409 -1.596526 -1.276286 ] 
[0.448748 0.493506 -0.839607 -0.431125 -0.231262 -2.700690 -3.569783 -1.578478 ] 
[0.822287 -0.515947 -2.478838 -1.967875 -1.785676 -2.681660 -2.975965 -1.173477 ] 
[-0.540073 -2.326710 -2.659677 -1.127215 -0.211817 -1.858233 -2.205397 -0.358908 ] 
[-1.647817 -2.528840 -1.302423 -0.580787 -2.134683 -3.912306 -2.790078 -0.499655 ] 
[-0.269406 -0.065443 -0.117946 -1.716372 -3.854784 -4.134541 -2.673554 -1.225826 ] 
[1.153432 1.251187 -0.664397 -2.234727 -1.551871 -0.524102 -0.711805 -0.267212 ] 
[1.911310 -0.118721 -1.555671 -0.404089 0.739481 -0.475364 -1.361802 -0.540447 ] 
] 
[[-3.635198 0.085663 2.334177 1.043985 -0.460794 -0.836326 -0.386068 -1.007333 ] 
[4.007743 5.840176 1.057195 -2.617255 -1.726481 0.401916 -0.288614 -1.643674 ] 
[2.713895 -2.592776 -6.778756 -3.030993 1.279009 1.449165 -2.591544 -2.574054 ] 
[-3.892332 -6.963688 -3.370695 3.285690 3.686863 -1.583001 -4.351591 -2.497128 ] 
[-6.046884 -2.110880 2.903671 2.380953 -3.172748 -5.026312 -3.746662 -1.971476 ] 
[-2.215817 1.884741 -0.538056 -5.798000 -6.226412 -2.850640 -0.954021 -0.725004 ] 
[4.095687 2.875670 -1.015620 -1.004357 0.613341 1.403122 0.064454 -0.860446 ] 
[5.277631 3.264400 2.564556 3.359151 2.605436 0.581443 -1.287564 -1.135963 ] 
] 
[[-1.565021 -1.300649 -0.642173 -0.405686 -0.714723 -1.312348 -0.913272 0.822625 ] 
[2.379083 2.134665 2.914088 3.322433 2.645298 1.604840 1.920124 2.343164 ] 
[0.572569 -0.659397 -1.737193 -2.869814 -2.917292 -0.730770 1.163453 1.703934 ] 
[-3.502169 -3.894894 -2.998487 -2.567524 -0.938612 0.853722 0.846480 0.732151 ] 
[-3.144219 -3.145288 -3.265182 -2.538731 -0.941429 -0.575660 -0.541441 -0.118485 ] 
[-2.712125 -3.562163 -3.160743 -2.776428 -2.365120 -2.115743 -1.014137 0.433079 ] 
[-0.106081 -0.908845 -0.566568 -0.461005 -1.013220 -0.688222 0.108762 0.889076 ] 
[4.257117 5.293439 6.600960 6.303869 5.855426 4.641658 3.351294 2.036692 ] 
] 
[[-1.364759 -0.932946 -2.356859 -3.107369 -1.540611 -0.400546 -2.263741 -3.477433 ] 
[-0.880370 -0.916790 -3.609552 -4.470523 -1.089654 0.170408 -4.780468 -4.214367 ] 
[0.718072 -0.974237 -4.349674 -3.285001 1.042787 -0.620334 -6.086191 -3.998610 ] 
[0.411727 -3.179471 -3.887123 -0.787004 0.389441 -2.588673 -4.807297 -1.718528 ] 
[-2.937420 -3.344721 -1.351680 -0.487055 -2.895917 -4.715627 -3.793829 -1.902753 ] 
[-1.341636 0.535352 0.054800 -2.617795 -5.075907 -3.626022 -2.822884 -2.294522 ] 
[1.002629 0.528145 -2.486841 -4.707572 -3.066598 -1.893716 -2.950727 -2.196095 ] 
[1.518011 -1.813615 -4.344848 -3.755539 -0.969663 -1.249634 -3.459877 -1.869839 ] 
] 
[[-1.509273 -0.711126 2.033130 5.126745 5.467683 1.981670 -1.582178 -2.148210 ] 
[2.568068 3.614106 2.849121 1.511459 0.947593 -0.100019 -0.392928 -0.420017 ] 
[0.350590 -1.062043 -3.511983 -5.497159 -5.581670 -2.703913 -0.864659 -0.004203 ] 
[-2.680836 -3.876408 -4.261389 -2.968970 -1.348096 -0.068513 -0.569971 -0.161448 ] 
[-2.781423 -3.050570 -2.169605 -1.255111 -2.056240 -2.643016 -2.626121 -1.337939 ] 
[-3.210757 -4.639402 -5.723756 -7.212642 -8.248271 -7.754059 -5.256780 -2.853236 ] 
[2.767040 2.573443 1.633741 1.992181 2.828094 2.381841 0.858707 -0.401062 ] 
[2.197253 2.911696 3.813040 4.913592 6.245036 5.426721 3.126814 1.088235 ] 
] 
[[0.602374 1.485978 0.962633 0.901911 -0.128188 -0.081918 0.452269 -0.140015 ] 
[-0.010572 -0.936525 -1.576556 -1.300648 -1.375232 -1.670342 -1.249337 -0.608152 ] 
[-1.735400 -0.898589 -0.269058 1.466723 2.131548 -0.476870 -1.440281 -1.296545 ] 
[0.746172 0.855890 0.668238 0.428735 -0.708952 -0.990689 -0.459854 -0.837417 ] 
[-0.018535 0.246480 -0.239808 -0.819608 -1.044406 -1.193276 -0.734148 -0.370740 ] 
[0.211975 -0.232898 -0.688005 0.040084 -0.103771 -0.166874 -0.387957 -0.641810 ] 
[0.057452 1.086987 1.739540 1.967158 0.934634 0.481662 0.079031 -0.241487 ] 
[-0.474758 -0.554819 -1.572535 -1.727458 -2.210036 -2.475605 -1.370769 -0.562959 ] 
] 
[[0.824117 0.606111 0.464726 0.722181 0.726770 -0.381549 -1.650217 -0.495490 ] 
[0.337334 -0.823793 -1.431944 -0.467789 1.281146 2.297019 0.864233 -0.545721 ] 
[-1.272223 -1.268098 -1.701979 -0.849851 -1.030305 0.228936 0.046569 -0.203183 ] 
[-2.116155 -1.437523 -0.898346 -1.409307 -1.661021 -1.490217 -0.083176 -0.214493 ] 
[-1.848511 -1.343411 -2.398932 -2.766522 -3.164828 -1.312501 -0.311524 -0.495011 ] 
[0.068439 -0.767487 -1.005044 -0.499842 -0.067017 -0.470163 -1.085407 -0.314827 ] 
[0.758281 0.158638 0.149879 1.338691 1.571733 -0.540399 -1.674781 -0.684474 ] 
[-0.073475 0.397120 0.981455 1.239552 0.912096 1.752286 0.888101 0.048708 ] 
] 
] 
