97797
97595
97734
99628
98261
98447
98444
98091
97458
98058
97786
107769
192142
150360
98681
98424
98424
97723
97968
96936
97300
97902
99401
98770
97744
97635
98637
97893
97582
97813
97587
97679
100634
98440
97499
99917
97825
98097
99585
97827
97704
97802
101564
98027
100246
97888
97893
97361
97559
98065
97778
97886
98623
98465
98103
98098
97972
97416
98249
97729
97653
97909
98746
98667
98456
98185
97995
97784
97751
97825
97893
96391
97484
97809
97574
96614
97126
96500
104730
97399
96666
96577
96563
99423
96785
97237
96578
96695
96730
96305
96545
96373
96452
102927
97950
96672
96960
97440
97039
96946
