229999
194987
194375
193721
193344
284439
195854
194959
193414
193044
193938
194881
194412
193261
193847
193066
194659
196312
193243
193264
193580
194892
197243
193181
194047
193934
197144
195651
193634
193771
193003
194735
196449
193566
193291
192806
194820
193517
193990
192944
192875
195814
192778
193567
193623
193248
192718
195332
193559
192935
195687
194056
196261
193894
194488
193451
193383
197166
193412
193174
192765
192856
196063
193570
193273
193127
193730
194934
194159
192814
193732
192694
195814
193500
193094
193182
193025
195319
193250
193813
194040
194969
202505
197206
193765
196360
200912
197852
196235
195237
198837
195870
195048
193966
194027
193325
192897
193896
194624
192936
