2067
2073
2221
1995
1945
2376
2048
1948
1956
1924
1927
1955
2006
1935
1964
1928
1923
1930
1927
1996
1997
1931
2050
1924
1930
1917
1956
1925
1932
2060
1991
2023
1920
1928
1921
1947
1923
1955
1928
1927
2008
2716
1932
1920
1974
1984
1931
1929
2303
2138
2104
2241
1930
2224
2003
2633
2022
2532
1935
1924
1964
2021
1936
1975
1933
1921
2046
1932
1926
1992
1957
1948
1956
1931
1929
1929
1924
1957
1967
1932
1927
1930
1928
1931
1922
1924
1954
1936
1951
1932
1927
1931
1925
1927
1924
1965
1933
1936
1931
1934
