2231
1806
2249
1862
1698
1992
2123
1937
1753
2294
1911
1931
1727
2045
1788
1828
1848
2282
1783
1777
1825
2508
1903
1735
1676
1671
1782
2329
2010
1867
1748
1785
1706
2238
1901
1805
1818
1789
1703
2255
2030
1998
1864
1783
1712
2232
1905
1653
1768
1688
2232
1882
1828
1729
1694
1824
2103
1918
1786
1749
1859
2010
2265
1943
1972
1847
2523
1729
1716
1693
2822
2061
1858
1796
1769
1768
2101
1864
1811
1810
1872
1825
2003
2042
1786
1800
1927
1691
2155
2315
1927
1845
1749
1837
2535
2453
1902
1962
1911
1761
