2908
2411
2032
1883
1598
1325
1237
1255
1250
1235
1247
1255
1253
1237
1392
1758
1582
1511
1592
1605
1595
1572
1637
1256
1254
1248
1232
1192
1229
1234
1654
1392
1283
1196
1219
1210
1221
1249
1231
1192
1227
1238
1652
1279
1309
1234
1239
1243
1185
1234
1254
1298
1268
1255
1276
1229
1231
1207
1249
1191
1206
1230
1212
1231
1189
1554
1698
1598
1692
1267
1241
1213
1248
1233
1216
1198
1229
1286
1206
1194
1194
1429
1923
1362
1239
1265
1257
1220
1206
1217
1205
1194
1256
1239
1251
1263
1231
1179
1227
1223
