5806
5936
5941
5844
5792
6174
5757
5772
5865
5798
5750
5937
5979
5872
5970
5984
5966
5977
6349
6022
6033
5918
5896
5942
5892
6004
5953
5992
5796
5994
5979
5960
5922
6003
5905
5993
5919
5916
5963
6078
5972
5916
5917
6001
6169
5959
6334
5945
5981
5871
5929
5891
5878
5857
5832
5940
5902
5959
6678
7045
8393
6717
5836
6336
5968
5809
5819
5926
5854
6283
5950
5792
5754
5844
6135
5810
5871
5823
5925
5778
6087
5858
5786
5787
5903
5886
6144
6335
5978
5879
5744
6123
6171
5817
5792
5897
6157
5906
5866
5809
