11701
12436
11848
12009
11959
11599
11922
11460
11477
12449
11937
11546
11874
12725
12059
11515
11755
11476
11438
11550
12731
11795
11849
12068
11610
12348
12495
12494
12342
13282
12160
12421
12464
13049
13506
12558
12368
12537
12086
12359
11759
12035
11491
11519
11852
11505
11548
11875
11505
11531
12427
11675
11554
11699
11676
12183
11495
11479
11571
11445
11521
11917
12312
11542
11764
11549
11963
12203
11505
11765
11840
11527
11845
11483
11820
11779
11835
11519
11786
11621
11938
11439
11466
11908
11443
11540
12303
11872
11536
11883
11448
12254
11757
11839
11984
11593
17980
14531
14699
18828
