[[[-0.114429 0.371841 0.009856 -2.031060 -2.789626 -2.016408 -1.420488 -0.645465 ] 
[0.247597 0.985125 1.079787 -1.252917 -1.907350 -0.967375 -0.213794 -0.060654 ] 
[0.104866 0.683977 0.657340 -0.301892 -0.379084 -0.254614 -0.059163 0.099237 ] 
[0.170328 1.360664 0.144522 -0.997170 -1.139688 -0.655809 -0.202088 -0.059738 ] 
[-0.699400 1.079197 -0.871232 -2.036822 -2.106791 -1.565753 -0.633529 -0.152366 ] 
[-1.462492 -0.515574 -1.532348 -1.614810 -2.522545 -2.679830 -1.763689 -0.777395 ] 
[0.406888 -0.238115 -0.574133 0.284547 0.220201 -0.828648 -1.840626 -1.357425 ] 
[1.567960 1.410564 1.342746 2.539594 2.388653 1.533258 -0.024807 -0.363822 ] 
] 
[[0.973282 0.611453 0.015782 -0.978354 -1.405594 -0.315360 0.100861 -0.080319 ] 
[-0.413104 -0.894773 -1.864741 -2.351351 -2.205997 -0.497632 -0.247770 -0.160030 ] 
[-1.246802 -2.090284 -2.283562 -2.772786 -1.059988 0.017297 -0.279015 -0.077066 ] 
[-0.011898 -0.457940 -1.289050 -1.811418 -0.478052 -0.237386 -0.510467 0.217982 ] 
[-0.388244 -1.473302 -2.114305 -1.388835 -0.272592 -0.229374 -0.029888 0.703444 ] 
[-0.026326 -1.767465 -1.974205 -0.845294 -0.710941 -0.662866 0.113250 0.583224 ] 
[1.626286 0.620683 0.818169 1.043684 0.647817 0.254152 0.398953 0.238188 ] 
[-2.784669 -3.709651 -3.533421 -3.074296 -2.239847 -1.388430 -0.550784 -0.288413 ] 
] 
[[0.862838 0.218694 -0.514792 -2.197237 -1.198861 -0.305553 -0.688131 -0.416514 ] 
[0.366943 0.929039 0.099317 -0.282874 -0.128306 -0.504246 -0.529452 -0.319639 ] 
[-0.112726 0.188799 -0.656555 -0.024716 0.113262 -0.388024 -0.566173 -0.178362 ] 
[-0.398532 -0.239141 -1.485556 -1.491069 -0.482028 -0.364335 0.209241 0.353041 ] 
[-1.067505 -0.527645 -1.669646 -2.726297 -2.201152 -0.738209 0.584625 0.799698 ] 
[0.892281 0.913868 -1.147683 -2.132221 -2.982090 -2.398570 -1.278449 -0.407501 ] 
[1.980361 1.737607 0.349012 0.513238 -1.268322 -2.141670 -1.863035 -1.119257 ] 
[1.431550 1.860391 1.291534 1.796310 1.460968 1.229934 0.538870 -0.266296 ] 
] 
[[-1.433110 -1.528804 -0.938887 -1.983352 -2.233597 -2.378785 -1.325634 -0.290259 ] 
[0.703277 0.667445 -1.293442 -2.755096 -2.255718 -1.899101 -0.805197 0.108431 ] 
[0.326289 0.290601 -0.508666 -0.013401 -1.147717 -1.357123 -0.492018 0.176886 ] 
[0.268497 0.356250 0.839458 0.703327 -0.840722 -0.900792 0.013817 0.289243 ] 
[0.316956 0.848015 1.357551 0.405201 0.018074 0.075557 0.776319 0.501012 ] 
[-1.428273 -1.283039 -2.282587 -3.146776 -1.759404 0.246915 0.533332 0.125993 ] 
[-1.094967 -2.425725 -4.173597 -4.718372 -4.023956 -2.808995 -1.773153 -0.610534 ] 
[0.853215 0.030193 -0.432030 -0.596113 -1.676311 -1.954580 -1.478158 -0.599332 ] 
] 
[[0.257788 0.002697 -0.059059 0.493897 0.854093 0.029285 -0.403553 -0.133641 ] 
[2.417778 1.571689 0.743172 0.251629 -0.853143 -1.849128 -1.370237 -0.351676 ] 
[0.420113 -2.408409 -3.568117 -2.254900 -1.796622 -1.621268 -0.715633 -0.137074 ] 
[-1.108136 -2.541745 -3.144204 -2.171125 -1.616886 -1.219448 -0.131747 0.093918 ] 
[-1.229511 -1.552123 -2.221102 -2.647783 -1.852028 -0.390617 0.663598 0.567734 ] 
[-0.193710 -1.644974 -2.289314 -3.046292 -3.271875 -1.981540 -0.866672 -0.266656 ] 
[2.325144 1.139765 0.566093 -0.072158 -0.540431 -0.244785 0.071123 -0.092179 ] 
[3.293323 2.529988 2.555150 2.657319 2.080042 1.519286 0.709109 0.205735 ] 
] 
[[-0.125763 -0.879259 -1.311229 -1.726773 -0.764356 -0.315282 -0.256013 -0.486819 ] 
[-1.806832 -1.629073 -1.154318 -0.856704 -0.856732 -1.177149 -0.727940 -0.665948 ] 
[-0.551203 -0.683745 -1.239396 -1.052271 -1.022121 -1.018795 -0.730954 -0.614194 ] 
[-0.665341 -0.643671 -1.179952 -0.961864 -1.413001 -1.152839 -0.745156 -0.555492 ] 
[1.670949 1.851751 2.070925 1.724453 0.780167 0.507032 0.177105 -0.129947 ] 
[2.547438 3.379273 4.028857 3.348385 1.932233 1.637679 0.852262 0.200625 ] 
[-3.683884 -3.164481 -3.067417 -3.512938 -3.089893 -1.987031 -0.842057 -0.478543 ] 
[-2.056456 -1.647386 -1.941858 -2.551546 -1.544174 -0.907113 -0.508978 -0.431875 ] 
] 
[[0.635839 1.367987 -0.347520 -4.895149 -6.186698 -2.697304 0.035929 0.841065 ] 
[-0.847032 -0.704540 -2.397749 -5.713469 -5.336143 -1.218764 0.770247 0.722853 ] 
[-1.568393 -0.030259 -2.685324 -4.831260 -3.380812 0.263766 1.405122 0.874760 ] 
[0.698317 2.481411 -1.296625 -3.241200 -1.389109 1.212415 1.525543 1.067329 ] 
[1.408906 -0.024014 -2.981359 -4.145591 -1.484120 0.632817 0.651342 1.025610 ] 
[0.421600 -3.090853 -4.434862 -3.917312 -2.160128 -1.745624 -1.201975 0.165568 ] 
[-2.489238 -4.339324 -3.527068 -2.629733 -2.123447 -1.975808 -0.531354 0.447727 ] 
[-4.674187 -4.961517 -4.543331 -3.459249 -2.549754 -1.968189 -0.857801 0.232532 ] 
] 
[[0.485973 0.265613 0.025599 -0.635652 -0.815175 -1.233049 -0.774823 -0.057825 ] 
[-0.280800 0.222764 0.285737 -0.958767 -1.352680 -1.080568 -0.584186 -0.058657 ] 
[-1.929549 -0.683487 -0.005326 0.055875 -0.210191 -0.523168 -0.331441 -0.171427 ] 
[-0.458898 0.213540 -0.256076 -0.097413 -0.425953 -0.130980 0.145756 0.227849 ] 
[-0.044763 0.138786 -0.377000 -0.410459 -1.257636 -0.255903 0.456259 0.532744 ] 
[-1.492675 -1.233058 -0.438094 -1.143769 -2.349666 -1.805664 -0.410015 0.375104 ] 
[-0.211221 -0.586749 0.669403 0.163321 -1.183514 -1.841582 -1.512776 -0.385335 ] 
[0.031177 -0.081193 0.846798 1.424480 1.331344 0.237307 -0.661272 -0.384556 ] 
] 
[[-1.107307 0.250097 1.833827 0.143756 -1.336628 -0.437536 -0.369034 -0.518891 ] 
[0.063830 2.483173 3.379833 -0.551324 -2.038757 -0.895842 -0.802773 -0.543293 ] 
[0.360893 3.106206 0.545006 -2.976092 -1.962739 -0.756532 -0.810644 -0.448413 ] 
[-1.312745 0.853863 -1.683474 -3.430181 -2.157846 -1.425731 -1.127723 -0.263904 ] 
[-0.932062 0.491819 -2.545912 -3.746078 -2.404105 -1.792749 -1.082322 -0.260664 ] 
[0.995900 1.701560 -1.535030 -1.768864 -1.243481 -1.375937 -0.750351 -0.347021 ] 
[1.888363 2.279680 -0.331305 -1.042608 -1.243567 -0.973575 -0.108276 -0.237410 ] 
[3.188199 2.537971 1.227444 1.655631 0.730306 -0.169018 -0.075420 -0.250024 ] 
] 
[[1.738874 1.153115 1.231811 0.615464 -0.699840 -1.959862 -1.549381 -0.504873 ] 
[1.520253 1.863303 1.261276 0.422156 -0.408412 -1.075730 -1.126271 -0.462497 ] 
[-0.363504 -0.293520 -0.293931 -0.165147 -0.892571 -1.317761 -0.950637 -0.341951 ] 
[-2.126386 -2.256246 -2.090623 -2.243232 -2.439542 -2.281626 -1.161665 -0.339355 ] 
[-2.550956 -3.161761 -3.646511 -4.432468 -4.174041 -3.769709 -2.491686 -0.825330 ] 
[0.568164 0.064403 -0.394418 -1.612221 -2.915229 -3.296916 -2.630939 -1.401003 ] 
[4.061567 5.318059 5.517651 4.520949 1.859536 0.275629 -0.162417 -0.472925 ] 
[1.327485 1.853774 2.892682 3.475973 1.875759 0.504259 0.086421 -0.150446 ] 
] 
[[0.558597 0.081564 1.083807 1.479423 0.471896 -0.244117 0.126752 0.210688 ] 
[-0.022428 0.454192 1.120012 0.569523 -0.517448 -0.562214 -0.260691 -0.185256 ] 
[-0.257524 -0.229300 -0.761471 -1.382444 -1.865091 -0.903261 -0.349717 -0.140540 ] 
[-2.187033 -2.480304 -2.450311 -2.318666 -2.532255 -1.349634 -0.763510 -0.172136 ] 
[-3.889329 -4.195256 -3.856172 -4.227239 -4.204073 -2.834430 -1.319173 -0.095393 ] 
[0.110479 0.813806 0.844324 -0.072111 -0.831593 -0.576824 -0.099204 0.354520 ] 
[3.589952 5.042841 4.237694 2.996183 2.514480 1.834806 1.119931 0.604385 ] 
[1.264996 1.172556 0.387205 0.243292 0.021674 -0.187326 -0.050386 0.170380 ] 
] 
[[-2.628655 -4.148578 -3.841306 -3.119717 -2.444048 -1.424540 -1.062972 -0.258064 ] 
[-0.099814 1.863821 2.163978 0.062343 -2.229122 -2.426641 -1.697472 -0.413995 ] 
[2.244235 2.500813 0.672053 -1.854494 -2.666892 -2.016239 -1.200397 -0.242371 ] 
[2.203974 1.361817 0.082907 -1.129297 -0.688905 -0.779539 -0.409912 -0.132862 ] 
[2.413251 1.886043 0.599337 0.223105 1.265009 0.610468 0.554471 0.032097 ] 
[-4.108574 -4.529880 -6.249092 -6.223189 -5.592246 -4.062102 -1.753739 -0.512925 ] 
[-3.358668 -3.510916 -5.290650 -5.480793 -5.874907 -3.810621 -1.640207 -0.633530 ] 
[5.326910 5.150405 4.227057 4.163000 2.757557 1.758091 0.744757 -0.097229 ] 
] 
[[-0.616715 -1.194174 -2.304183 -2.525718 -2.311662 -1.591915 -0.716907 0.113646 ] 
[0.904997 -1.934066 -3.942521 -3.041184 -1.436220 -0.336301 0.068775 0.295687 ] 
[-0.888775 -2.236537 -1.489470 -0.653956 0.473324 0.091286 0.246358 0.346764 ] 
[0.341507 -0.021978 0.350904 0.673912 0.715681 0.074676 0.286990 0.388151 ] 
[0.477768 -0.254956 -0.318946 1.248187 1.126803 0.480797 0.190203 0.355197 ] 
[-2.432230 -3.816224 -3.685277 -1.675934 -0.679491 -0.310486 -0.279872 0.038944 ] 
[-2.811463 -3.937873 -3.548207 -2.519422 -1.793581 -1.100750 -0.565938 -0.227368 ] 
[-1.746218 -1.227050 -0.056427 -0.820142 -0.925330 -1.007568 -0.273105 0.169910 ] 
] 
[[0.878208 2.720514 2.228914 0.517325 -1.491140 -1.927131 -0.557600 -0.182177 ] 
[1.731261 0.648860 -0.702618 -1.951279 -2.960303 -2.037798 -0.321598 -0.176623 ] 
[-1.213379 -1.538774 -1.884279 -2.675820 -2.677156 -0.985857 0.325537 -0.187295 ] 
[-1.611208 -0.956706 -0.952520 -2.264555 -2.555013 -0.845216 -0.207105 -0.300592 ] 
[0.335126 0.647994 -0.519929 -2.241751 -1.752395 0.320947 -0.116523 -0.264346 ] 
[2.300642 0.957865 -1.404227 -1.950206 0.033543 0.867140 -0.658360 -0.682054 ] 
[3.275642 1.019631 0.241673 0.501988 1.432998 0.606556 -0.293808 -0.227089 ] 
[-1.219046 -2.282993 -2.507189 -2.347970 -1.401255 -1.574254 -0.798894 -0.248713 ] 
] 
[[-2.330481 -1.169946 -0.147678 0.323229 -0.633007 -1.104365 -0.750590 -0.088751 ] 
[-3.627818 -3.435481 -0.857071 -0.025283 -1.577004 -1.990359 -1.394135 -0.423757 ] 
[-1.491540 -2.205471 -0.791135 -1.456157 -2.356575 -2.100447 -1.150357 -0.224017 ] 
[0.198251 0.259815 1.021003 -0.016986 -1.407725 -1.691093 -0.824454 -0.179205 ] 
[-0.138534 0.738034 2.444830 1.590334 -0.096929 -1.331268 -0.690348 -0.081909 ] 
[-1.025230 -0.904022 1.065168 1.877343 1.046156 -0.605620 -0.528199 0.164994 ] 
[-3.057810 -4.046444 -3.336378 -1.634427 0.089064 0.373505 -0.168341 -0.218187 ] 
[-4.161693 -4.950284 -5.209401 -5.199322 -3.667521 -1.132191 0.033153 0.080634 ] 
] 
[[-2.019942 -3.092165 -2.761650 0.974727 4.132186 0.912445 -1.484370 -0.507509 ] 
[-1.588575 -3.235311 -2.141001 3.196757 4.264425 -0.225196 -1.683682 -0.332076 ] 
[-0.899259 -3.625051 -1.731253 4.201032 2.614789 -1.715055 -1.575588 -0.225161 ] 
[-2.021548 -4.265821 -0.856553 3.696094 0.080805 -2.335061 -0.748860 0.267607 ] 
[-3.386224 -4.249012 0.358263 2.164231 -1.392116 -2.079961 -0.728527 -0.102966 ] 
[-2.567226 -2.697958 0.482694 0.563725 -1.129776 -0.822529 -0.873575 -0.756596 ] 
[-1.151745 -1.032338 0.418124 0.171793 -0.249865 0.114914 -0.422099 -0.453813 ] 
[0.438885 0.924575 0.866375 0.530710 0.473469 1.027769 0.316942 -0.192820 ] 
] 
[[0.459783 0.637733 -0.816494 -1.362937 -1.884776 -1.128561 -0.563777 -0.324388 ] 
[1.914095 0.710031 -1.135631 -1.911275 -2.244405 -1.456502 -0.591732 -0.332790 ] 
[-0.352413 -1.383352 -2.206138 -1.838345 -1.391127 -0.483038 0.000537 -0.013487 ] 
[1.342872 0.300696 -0.196616 -0.349811 -0.100200 0.183790 0.266693 0.188794 ] 
[0.587339 -0.247896 -0.137965 -0.738560 -0.354819 0.286288 0.349382 0.262347 ] 
[-2.918946 -3.707229 -3.698937 -4.549048 -3.611558 -1.845096 -0.695881 -0.122919 ] 
[1.745992 1.418006 1.023643 0.601304 0.225205 -0.194228 -0.485744 -0.406482 ] 
[-0.215361 0.041651 0.026204 -0.107207 0.305506 0.021015 -0.179050 -0.101641 ] 
] 
[[-0.524320 -0.351536 0.205232 0.606994 -0.190255 -1.499451 -1.468493 -0.885849 ] 
[-2.239233 -3.039937 -2.674648 -1.137976 -1.330064 -1.741098 -1.107386 -0.779825 ] 
[-0.976738 -1.494459 -2.546649 -2.487237 -2.792530 -2.264327 -1.040832 -0.739146 ] 
[-2.694638 -3.259961 -3.373563 -3.421584 -4.511553 -4.013349 -2.530286 -1.236956 ] 
[0.786400 -0.449146 0.170912 0.086034 -2.387757 -3.622096 -3.769444 -2.079801 ] 
[6.048046 5.686493 6.618532 7.713041 6.746996 3.912736 -0.019064 -1.276225 ] 
[-2.691857 -2.007739 -1.821253 -0.840753 0.534676 1.545178 0.912068 -0.217141 ] 
[-3.230761 -3.268340 -3.679188 -3.353629 -1.999526 -1.200520 -0.383075 -0.453293 ] 
] 
[[-0.382136 -0.253279 -1.252591 -1.181525 -1.800116 -0.458236 0.444103 0.006375 ] 
[-0.459828 -1.817648 -1.825357 -0.809691 0.490959 1.244939 0.739584 -0.023552 ] 
[-1.258223 -1.561586 0.085176 1.378286 0.719084 0.473736 0.080119 -0.251699 ] 
[-2.223618 -2.293917 -1.410661 -1.297319 -1.820157 -1.118230 -1.157204 -0.543901 ] 
[-1.652423 -3.067851 -2.652002 -1.433576 -1.627275 -2.169994 -2.075932 -0.963458 ] 
[0.575292 -0.053314 1.480573 2.442351 2.264263 0.797875 -0.376257 -0.269434 ] 
[-1.541579 -1.890947 -0.149862 0.348111 0.112818 -0.627908 -0.902668 -0.350825 ] 
[-1.340389 -0.002741 1.683551 0.988652 0.469590 0.432712 0.612802 0.373188 ] 
] 
[[-0.366603 -0.736968 -0.963791 0.953129 1.644056 0.276167 -0.940251 -0.924160 ] 
[-0.825351 -1.594900 -0.928348 0.949264 0.921921 0.000017 -0.690932 -0.537362 ] 
[-0.949787 -2.193950 -0.870900 0.814203 1.242748 -0.152752 -1.006994 -0.430191 ] 
[-0.657351 -1.983168 -0.703369 0.327026 0.585449 -0.255148 -0.576891 -0.145407 ] 
[0.120320 -1.035837 0.604266 1.101518 0.783285 -0.336044 -0.342353 -0.049228 ] 
[-0.341755 -1.442022 0.402946 1.153677 0.970048 -0.697315 -0.707015 -0.320545 ] 
[-1.301723 -1.851411 -1.172713 -0.116849 0.576770 -0.099996 -0.523898 -0.730109 ] 
[-1.052076 -0.824227 -1.171333 -0.301170 0.831948 0.953795 0.241263 -0.544558 ] 
] 
[[-1.448641 -1.938016 -2.783044 -1.356727 -0.247380 0.685324 0.611969 0.155143 ] 
[-0.746685 -1.716392 -2.502694 -1.561369 0.211480 0.689672 0.194895 0.175137 ] 
[-1.086312 -2.548318 -2.213607 -0.575931 0.940581 0.942099 0.111303 0.191857 ] 
[-0.990378 -1.576329 -0.436243 0.279882 0.849513 0.974462 0.749431 0.669468 ] 
[-0.459659 0.005673 0.451046 0.938942 2.052692 1.730600 1.616913 1.107621 ] 
[-1.693016 -2.021932 -1.807999 -0.872748 0.870341 0.915669 0.644124 0.627071 ] 
[-2.630116 -3.709782 -4.179388 -3.138899 -1.891822 -1.238159 -0.589206 -0.296358 ] 
[-0.570409 -0.554631 -0.243261 0.508812 0.574422 0.585916 0.841598 0.428924 ] 
] 
[[0.073743 0.086907 0.507538 -0.073536 -0.181602 0.502693 -0.278279 -0.502267 ] 
[-0.300998 -1.491550 -0.672514 -0.207077 0.198662 -0.229050 -0.510684 -0.149697 ] 
[-0.915544 -2.840639 -3.633785 -1.812755 -0.017631 -0.071510 -0.301800 0.016874 ] 
[-1.160754 -1.477917 -1.524835 -1.375626 -1.043526 -1.283826 -0.630518 -0.015033 ] 
[-1.758719 -1.910598 -1.711371 -0.982575 -1.013950 -1.827951 -1.196516 -0.438038 ] 
[-0.309691 -1.698713 -2.329311 -0.367396 0.259309 -1.092987 -2.214935 -1.688788 ] 
[1.869838 1.394379 -0.362987 2.235554 3.704903 2.819638 0.479081 -1.078852 ] 
[-1.237045 0.210259 -0.771208 0.594977 1.882657 2.744535 2.748318 0.815232 ] 
] 
[[1.568546 1.496853 2.402098 2.110414 -0.381824 -2.267488 -2.315873 -1.317744 ] 
[-0.093688 -0.080443 -0.031994 -1.441189 -2.199897 -2.907101 -2.355312 -1.101292 ] 
[-1.462831 -1.716883 -1.633394 -1.955252 -2.140813 -3.007120 -1.848911 -0.934796 ] 
[-2.866631 -3.243088 -2.264567 -1.805827 -2.886184 -3.161606 -1.867047 -0.850307 ] 
[-1.642627 -0.568448 -0.132283 -0.675327 -2.172704 -1.713358 -0.136252 -0.371527 ] 
[2.676043 4.284034 3.800411 1.355022 0.572448 1.686819 1.485101 0.055317 ] 
[4.161914 3.535029 1.524619 -0.078005 -0.695892 -0.911130 -1.487600 -1.358934 ] 
[-1.823890 -3.400485 -4.188545 -4.012459 -3.386119 -3.307500 -2.570239 -1.526580 ] 
] 
[[1.453848 1.929568 0.573473 -2.619427 -3.290811 -0.293090 1.400923 0.543076 ] 
[1.771124 -0.315566 -2.719871 -5.363486 -3.161764 1.564306 2.066808 0.568475 ] 
[-0.582085 -2.162807 -3.426690 -3.975828 -1.073633 2.036788 1.537068 0.175937 ] 
[-1.735105 -1.718769 -3.564970 -4.360757 -0.864262 1.582872 0.706533 0.003796 ] 
[-0.026588 -1.001231 -3.726683 -3.774670 -0.352373 1.087317 0.103716 0.053529 ] 
[2.531154 0.334823 -1.758322 -0.012149 2.585173 2.349003 0.853401 0.498549 ] 
[0.681158 -2.504621 -2.376699 -0.085539 1.052874 0.174323 -0.256946 0.127779 ] 
[-2.198058 -3.520293 -2.143649 -0.801444 -0.784637 -0.641402 0.065572 0.220134 ] 
] 
[[1.162828 0.269683 -3.017872 -5.574896 -2.642935 0.096375 -0.306498 -0.095564 ] 
[0.256090 -0.228835 -3.159044 -4.439443 -0.274288 0.835517 0.107098 0.199430 ] 
[-0.341665 0.857857 -1.963268 -1.806245 1.199094 0.407376 -0.360289 0.046914 ] 
[1.256542 1.065499 -3.426378 -2.089618 1.026520 0.606548 0.430775 0.596126 ] 
[1.105692 -1.199356 -4.481766 -1.684528 0.012585 0.357104 0.888690 0.803563 ] 
[-0.636176 -3.912980 -4.766883 -2.644427 -2.812913 -2.193539 -0.361791 0.323750 ] 
[-1.835851 -4.116406 -2.688669 -2.007550 -3.350069 -2.918205 -1.187678 -0.267189 ] 
[-1.154226 -1.307531 -0.989017 -1.362051 -1.365892 -0.529078 -0.352374 -0.396747 ] 
] 
[[-0.371508 -0.722761 -0.892694 -1.737396 -2.036468 -1.741587 -0.709433 0.075487 ] 
[-1.073900 -0.787438 0.160681 0.708250 -1.196135 -1.524647 -0.523429 0.048622 ] 
[-0.867948 0.375699 1.165003 0.366959 -1.658898 -1.602672 -0.309760 0.208056 ] 
[-0.619195 0.784558 0.535871 -1.593932 -2.581283 -0.928588 0.328117 0.476392 ] 
[0.389775 1.119249 0.506296 -1.408100 -1.658651 -0.569938 0.082575 0.194810 ] 
[-0.092728 -0.395379 -1.945701 -2.765496 -2.257818 -1.888272 -1.805195 -0.831176 ] 
[-2.611427 -2.516644 -3.927595 -3.679060 -2.962017 -2.265231 -1.676022 -0.901867 ] 
[-0.272944 1.029718 0.418243 0.489373 1.245844 1.449021 1.646738 0.764451 ] 
] 
[[-0.650736 -1.717832 0.062954 2.829658 3.705004 -0.985701 -4.443368 -1.569371 ] 
[-0.749945 -0.410898 1.118788 1.357862 1.983187 -3.890426 -4.399635 -1.163143 ] 
[-0.030857 -0.068330 -0.493943 0.822555 1.017584 -4.927900 -3.401358 -0.709625 ] 
[-0.716972 -1.317747 -0.809851 3.031842 -0.203562 -4.619266 -1.864044 -0.393099 ] 
[-0.610820 0.046774 1.837121 4.385645 -1.840752 -3.310137 -0.636124 -0.457270 ] 
[-0.088242 0.943456 1.979353 1.401277 -2.744170 -1.253630 0.201952 -0.732997 ] 
[0.937494 0.990356 -0.328216 -2.514241 -3.749726 -1.733354 -1.834559 -1.941501 ] 
[0.998140 -0.344500 -1.742600 -2.404857 -2.152086 -1.813329 -2.463017 -1.821118 ] 
] 
[[1.700803 0.227189 -2.821950 -6.460033 -6.861507 -4.199632 -1.697371 -0.360415 ] 
[-1.547463 -5.746029 -7.648065 -6.974834 -4.462521 -1.511539 -0.227402 0.021666 ] 
[-3.495995 -3.836650 -2.334988 -0.780390 -0.802315 -0.416060 -0.195194 0.106325 ] 
[0.104383 0.872341 0.486812 -0.534433 -0.461113 -0.169030 -0.014871 0.446641 ] 
[0.518074 -1.044496 -1.341631 -1.450035 -0.444639 -0.071509 -0.182931 0.371089 ] 
[0.532962 -2.158649 -2.434404 -0.507857 0.871005 0.505491 -0.104392 0.061093 ] 
[-3.845554 -6.376825 -5.232946 -3.751407 -3.717898 -3.932493 -2.780271 -0.998055 ] 
[-8.524996 -7.927741 -6.676863 -6.360031 -5.508254 -3.647981 -1.702040 -0.643297 ] 
] 
[[-3.466336 -4.791602 -4.297804 -1.826859 -0.419381 -2.240833 -2.979715 -0.693580 ] 
[-1.415623 -1.363193 0.700523 2.306614 2.265481 -1.494347 -2.538819 -0.182621 ] 
[0.048743 -0.750446 1.080683 2.959759 1.776610 -2.099878 -1.756675 0.162897 ] 
[-2.937443 -3.020840 -0.587492 0.985660 -0.521429 -2.743311 -0.408715 0.471865 ] 
[-6.104135 -4.039446 -2.007312 -2.177383 -3.763690 -3.348126 0.014515 0.354488 ] 
[-5.351754 -3.899462 -4.291551 -5.413465 -6.897971 -5.318148 -2.697899 -1.478939 ] 
[0.264939 0.737468 -0.753462 -1.102809 -2.590694 -2.684857 -2.853700 -1.897954 ] 
[5.060488 5.247622 5.007412 4.858085 3.323562 2.104248 0.611007 -0.094590 ] 
] 
[[0.750411 3.134064 3.883062 1.283932 -1.806108 -2.153624 -1.427979 -0.805581 ] 
[1.003252 -0.336677 -2.285789 -3.649194 -2.385904 -1.381531 -0.793303 -0.749156 ] 
[-2.309218 -3.575934 -3.252145 -1.853262 -1.165619 -1.338921 -0.753926 -0.728625 ] 
[-2.908432 -2.764827 -2.415662 -2.239053 -1.729138 -1.107720 -0.764479 -0.575488 ] 
[-3.525532 -2.655300 -2.943956 -3.892678 -3.242351 -1.321419 -0.582219 -0.343511 ] 
[1.907283 2.663378 0.400758 -0.901981 0.169522 0.737620 0.116702 -0.482529 ] 
[6.255044 4.762487 3.462523 4.567796 4.596948 2.280096 0.517009 -0.179291 ] 
[-3.368166 -4.889997 -4.614227 -3.808786 -4.321753 -3.874208 -2.125374 -0.944147 ] 
] 
[[-1.706879 0.294879 2.125837 0.931945 -1.277844 -0.711162 -0.606885 -0.208156 ] 
[1.027254 1.073732 -0.394395 -1.336093 -0.950610 -0.183102 -0.534380 -0.439117 ] 
[0.188320 -2.427974 -0.257954 -0.140582 -0.426210 -0.525961 -0.754616 -0.461904 ] 
[-2.036237 -1.331978 1.179369 -0.903703 -1.147056 -1.044228 -0.941289 -0.348810 ] 
[-2.560918 0.194904 -0.338981 -2.169745 -1.025520 -0.891315 -0.651899 -0.338366 ] 
[-0.273512 2.098119 -0.974172 -1.468451 0.741529 0.420679 -0.045517 -0.344323 ] 
[2.434142 0.604238 -1.469739 1.102075 1.295599 -0.287906 -0.453814 -0.260134 ] 
[0.381031 -1.268800 -0.410273 0.654489 -1.223828 -1.454712 -0.349265 -0.191124 ] 
] 
[[1.227821 -0.218484 -4.437578 -4.844897 -1.283622 -1.001877 -0.806164 0.301927 ] 
[-0.023061 -2.940727 -6.881762 -4.622716 0.144940 -0.089838 -0.298006 0.494676 ] 
[-0.935304 -3.545396 -5.113816 -1.393714 1.409103 0.319559 0.206483 0.489900 ] 
[1.133272 -2.063287 -3.559224 1.214100 2.005645 0.681473 0.604165 0.491236 ] 
[2.455357 -1.854450 -2.417491 2.768018 1.925311 0.868444 0.862935 0.535506 ] 
[-1.575014 -5.643167 -3.926565 0.525039 -0.613001 -0.765703 -0.500601 0.206707 ] 
[-5.356422 -7.957397 -4.264977 -1.947511 -2.749416 -1.762411 -1.019205 -0.126781 ] 
[-5.008293 -5.545639 -2.475255 -1.355710 -1.449946 0.219358 -0.079359 0.228811 ] 
] 
[[0.346811 -1.932523 -4.057314 -1.871652 0.907378 -0.934958 -1.884290 -0.351651 ] 
[-0.014849 -3.087463 -5.129906 -1.197348 1.908440 -0.525179 -0.805236 0.117270 ] 
[0.341280 -3.916302 -4.025458 1.722672 1.642294 -1.087753 -0.763752 0.199331 ] 
[-0.779024 -5.361012 -3.893955 1.481349 -0.731240 -1.708579 -0.228207 0.306409 ] 
[-0.986224 -4.537176 -1.914823 0.427944 -1.807904 -1.381674 -0.012470 0.050961 ] 
[-0.924413 -2.969851 -0.835248 -0.359317 -0.667058 -0.229940 -0.404290 -0.373450 ] 
[-2.774051 -4.743171 -3.637637 -2.896331 -1.894055 -1.392648 -1.756801 -1.070726 ] 
[-2.012565 -2.590322 -1.864672 -1.319117 -0.388536 0.129298 0.025136 -0.154717 ] 
] 
[[0.585175 0.666824 -0.401869 -1.306196 -4.153890 -2.892225 1.477311 1.347587 ] 
[0.295166 0.860100 -0.009094 -1.572132 -4.039035 -1.201104 2.191052 1.184836 ] 
[0.394715 0.373581 0.395767 -2.163169 -3.793002 0.300069 2.178529 0.845994 ] 
[-0.554586 -1.113657 0.349555 -2.847819 -3.450543 0.731599 1.108875 0.140794 ] 
[-0.951945 -1.154595 -1.434308 -4.678827 -3.221139 0.450450 -0.080594 -0.143154 ] 
[-0.829138 -0.179515 -0.972877 -3.218027 -1.459938 0.115814 -0.081172 0.460018 ] 
[-0.493807 0.283001 -0.104013 -1.493104 -0.086544 -0.244174 -0.122804 0.734937 ] 
[-0.590887 -0.576302 0.219150 0.050180 0.443040 -0.364662 -0.000312 0.932621 ] 
] 
[[-1.343126 -6.041321 -7.960565 -3.098188 2.226999 3.001596 0.802344 0.017495 ] 
[-3.882666 -4.296460 -2.022175 1.336005 2.435030 1.318738 -0.585438 -0.003811 ] 
[-1.398917 -0.446959 -1.666860 -0.938975 1.052877 0.077996 -0.552408 0.364667 ] 
[0.119986 -3.215364 -4.990713 -0.984570 1.461663 -0.992840 -1.247763 -0.026563 ] 
[-3.833714 -8.073395 -5.124828 0.226103 -0.900528 -3.242425 -1.595893 0.020193 ] 
[-6.567497 -7.016225 -0.896787 0.614873 -3.173150 -2.797610 0.429115 1.043429 ] 
[-4.650595 -0.136016 2.778110 0.129869 -1.336251 1.338486 2.419348 1.039387 ] 
[0.506944 2.916752 1.440079 -0.119200 1.440625 2.531594 1.082411 0.120625 ] 
] 
[[1.158119 -0.646769 -4.347907 -3.718789 1.324265 2.847140 -0.891282 -0.869259 ] 
[-1.128463 -2.802094 -3.943699 -1.883193 2.181466 1.296059 -1.957749 -0.915569 ] 
[-1.296595 -2.159824 -3.661831 -1.374953 2.776240 0.201211 -2.037416 -0.529059 ] 
[0.594817 -1.252657 -3.597191 0.514744 3.780002 -0.800857 -1.568221 -0.131009 ] 
[0.774654 -2.731893 -3.094583 2.938033 2.766472 -1.821578 -1.172666 -0.054118 ] 
[-1.614659 -4.044387 -1.185256 3.487738 0.044339 -2.073144 -0.078080 0.245138 ] 
[-3.973362 -3.742013 -0.731165 0.496201 -2.528702 -1.650255 -0.053875 -0.490376 ] 
[-3.864798 -2.847177 -2.153079 -2.492570 -2.447309 -0.684042 -0.556973 -0.907749 ] 
] 
[[0.402907 -0.844549 -2.083941 -3.477946 -4.385254 -1.533230 1.436523 0.884511 ] 
[0.621322 -0.464734 -1.235390 -2.479341 -3.175464 0.297830 2.126248 0.943911 ] 
[-0.126443 -0.948406 -0.888571 -2.697205 -1.964818 1.897929 2.344109 0.706841 ] 
[-0.444536 -0.165569 -0.709989 -2.090837 -0.407587 2.591263 1.549159 0.363784 ] 
[-3.362434 -3.636012 -4.937078 -6.265148 -2.367250 0.326258 -0.342672 -0.132102 ] 
[-3.223154 -4.112314 -5.517687 -6.260853 -3.047382 -1.297107 -1.293632 -0.229211 ] 
[2.384556 2.250237 1.576386 1.366488 1.533931 0.483726 0.376006 0.590913 ] 
[0.892112 1.072472 0.994226 1.462417 1.621033 0.842432 0.929777 0.837159 ] 
] 
[[0.681770 0.959601 0.330240 -2.914322 -4.134282 -3.012334 -2.232464 -0.512059 ] 
[1.254074 1.506603 1.009715 -1.672529 -1.920859 -1.677493 -1.217116 -0.125880 ] 
[0.606886 1.781122 2.134033 -0.368964 -0.688117 -1.158034 -0.973473 -0.096993 ] 
[-0.683568 1.094441 -0.522883 -2.153876 -1.901331 -1.780931 -0.519365 0.278535 ] 
[-1.609186 -0.188437 -2.824575 -3.533552 -4.160779 -3.144474 -0.612693 0.307816 ] 
[-0.776985 0.118257 -1.350679 -2.632811 -4.659747 -4.520072 -1.880080 -0.344846 ] 
[-0.305602 -0.467953 -0.538736 -0.809521 -3.287005 -3.946431 -2.673588 -1.119702 ] 
[2.318336 2.607873 3.304404 2.713103 0.682185 -0.493521 -1.020570 -0.606401 ] 
] 
[[0.563164 0.016785 0.717013 0.682763 -0.064842 -0.501959 -1.298857 -1.019459 ] 
[-0.871569 0.936775 1.274540 -0.193507 -0.258237 -0.527049 -0.752506 -0.559459 ] 
[-0.893888 1.373778 0.598345 -0.213759 0.183985 -0.697298 -0.975663 -0.579468 ] 
[-0.008789 0.151964 -1.711061 -0.916723 -0.247798 -0.676003 -0.621446 -0.357501 ] 
[1.348982 -0.529184 -0.833924 0.660150 0.190061 -0.721044 -0.690330 -0.637582 ] 
[-0.409673 -0.343058 0.815780 0.095175 -1.609266 -1.522208 -0.616250 -0.630053 ] 
[-0.922144 0.313124 0.985812 0.261559 -0.254275 -0.218097 -0.322440 -0.636942 ] 
[-0.231944 0.597265 -0.073951 0.525500 1.044668 0.365482 -0.385987 -0.723616 ] 
] 
[[-0.068496 -0.504569 -1.408457 -2.481183 -1.756303 0.206839 0.781986 0.524996 ] 
[-0.022155 0.083643 -0.788772 -1.354121 -1.047650 0.496773 0.525383 0.480879 ] 
[0.011298 -0.574347 -1.305955 -2.428982 -0.622991 1.128620 1.090852 0.769654 ] 
[-0.340847 -0.716474 -0.853143 -1.461745 -0.155946 0.994562 0.934906 0.685596 ] 
[-1.979848 -1.414958 -2.676111 -2.426861 -0.999984 -0.012572 0.543382 0.507620 ] 
[-2.130032 -2.006129 -3.798470 -3.402671 -2.208354 -1.365248 -0.510523 -0.101065 ] 
[0.893431 0.988246 0.195138 0.588594 0.858742 0.682506 0.748290 0.505488 ] 
[0.452579 0.344453 0.054170 0.421729 0.722141 1.266808 1.208789 0.880003 ] 
] 
[[-0.452881 -1.085320 -1.058694 1.372136 2.890157 0.321577 -1.923223 -1.159724 ] 
[-1.786050 -2.753780 -1.757144 1.317874 2.126302 -0.690105 -1.891177 -0.794782 ] 
[-2.009695 -3.398436 -1.913352 0.856472 0.958546 -1.541540 -1.787012 -0.401533 ] 
[-1.426983 -2.851476 -1.775856 0.566576 -0.217234 -2.004725 -2.025388 -0.716874 ] 
[-0.330516 -1.466855 -0.346357 2.104863 0.006074 -2.502331 -2.115817 -1.078089 ] 
[0.382144 -0.588577 1.712721 4.406172 2.252263 -0.494769 -1.097808 -0.832468 ] 
[-1.081398 -2.312000 -0.544281 1.752797 1.066948 0.302972 -0.648842 -0.936544 ] 
[-2.117319 -2.484628 -2.202452 -1.319377 -0.393605 0.664710 0.077072 -0.828185 ] 
] 
[[-0.271730 1.146119 1.235851 -0.082585 -0.534250 -0.507545 -0.131835 -0.090258 ] 
[-1.990257 -2.373454 -3.341814 -2.542395 -1.573269 -0.646595 -0.209156 -0.342904 ] 
[-1.586124 -2.621983 -3.726911 -3.253243 -3.230627 -1.700804 -0.490565 -0.340670 ] 
[-1.347958 -2.386450 -3.436656 -3.393514 -2.881057 -2.372337 -1.635687 -1.045470 ] 
[-0.832998 -1.943136 -2.198118 -1.873362 -1.433486 -1.957392 -2.393076 -1.625875 ] 
[2.006737 1.748024 2.105820 3.006078 3.499301 2.195453 0.309206 -0.687409 ] 
[0.077714 0.490531 1.656089 3.286566 4.474139 3.876240 2.968137 1.236212 ] 
[-5.272738 -5.824388 -5.455191 -5.190349 -3.924151 -2.025428 -0.285702 0.170597 ] 
] 
[[-3.922623 -4.153707 0.140956 5.766812 0.192027 -6.038781 -3.960331 -0.443155 ] 
[-2.494318 -4.286703 1.208318 5.894820 -1.915196 -6.552882 -3.190953 -0.201751 ] 
[-3.208671 -5.685602 3.704087 4.786693 -4.475435 -5.990795 -2.150661 0.136234 ] 
[-5.316313 -3.881399 6.876716 2.046647 -6.238547 -4.646016 -1.152153 0.339282 ] 
[-6.055140 -0.651055 4.230922 -2.844916 -6.220605 -3.118611 -1.589116 -0.569293 ] 
[-3.055123 0.393633 -1.550866 -5.712302 -3.591333 -2.773862 -3.245313 -1.737870 ] 
[-0.219687 -0.455698 -3.369609 -3.656990 -1.951235 -2.719168 -2.865020 -1.118111 ] 
[-1.224257 -2.233976 -3.212936 -2.404308 -1.989605 -1.936671 -1.026284 -0.332710 ] 
] 
[[-0.656918 -0.491803 1.574541 1.891335 -1.496341 -3.527848 -1.419014 0.160064 ] 
[-0.526640 0.456380 2.640998 1.125741 -3.379709 -3.919804 -0.673666 0.187469 ] 
[-0.449031 0.887027 1.830255 -0.931691 -4.196505 -2.790572 0.207993 0.285374 ] 
[-0.942322 0.510477 1.366749 -1.196335 -4.461471 -2.063483 0.042567 0.123624 ] 
[-1.512607 0.467981 0.774162 -2.789090 -5.146724 -2.273379 -1.231557 -0.362238 ] 
[0.113802 2.051962 1.442603 -2.344974 -3.182040 -1.607224 -1.514946 -0.558412 ] 
[0.919691 2.506099 1.314150 -1.219493 -0.453023 0.147388 -0.032691 0.329917 ] 
[0.911087 0.792878 -0.980677 -1.602289 -0.907319 -1.682984 -1.398517 -0.208502 ] 
] 
[[-3.164216 -1.351568 2.773125 3.959649 0.990157 -2.505380 -2.388897 -0.622179 ] 
[0.417829 1.612386 2.697020 1.373591 -0.874924 -3.824919 -2.427639 -0.461271 ] 
[-0.817492 -1.583449 0.443368 0.725425 -1.846047 -4.028301 -1.951648 -0.404336 ] 
[-3.667116 -2.580898 0.113355 0.268428 -3.670976 -4.370594 -2.015954 -0.520902 ] 
[-4.874652 -1.826471 -0.527549 -1.242328 -5.265238 -4.040866 -1.367340 -0.733908 ] 
[-2.863252 0.934005 -0.181230 -3.219829 -4.066459 -1.039002 0.152905 -0.392737 ] 
[5.308148 5.300555 3.238415 1.211011 0.542985 0.541874 -0.723249 -0.769387 ] 
[3.984783 2.349079 1.832717 0.936793 -0.954612 -1.521917 -1.513599 -0.629730 ] 
] 
[[-0.344365 -1.050683 -1.280933 -0.960454 0.265484 2.248174 2.718209 1.068470 ] 
[1.786337 1.209046 0.601393 0.022419 0.223985 1.549372 1.811768 0.418589 ] 
[-0.810780 -1.634138 -2.318264 -2.271174 -0.332053 1.482002 1.289534 0.181634 ] 
[-2.266633 -3.257313 -3.789214 -3.491901 -0.965647 0.808514 0.289039 -0.256585 ] 
[-2.789042 -3.556342 -3.996283 -3.228371 -1.582787 0.111455 -0.106835 -0.000345 ] 
[-2.814067 -3.369796 -2.637105 -1.807511 -0.789450 -0.002254 0.186006 0.544540 ] 
[2.449974 2.131143 2.781155 2.255714 2.053222 1.440106 1.060756 0.917776 ] 
[3.578325 4.248724 5.136403 4.541480 4.340240 3.411238 2.098996 1.172621 ] 
] 
[[-2.441152 -3.274834 0.070042 3.539664 0.629850 -6.634659 -4.354819 -0.211545 ] 
[-3.081838 -1.828099 1.734206 4.187541 -1.195998 -6.954825 -3.118666 -0.162126 ] 
[-2.020153 -1.293532 2.323909 4.058794 -3.760214 -6.854478 -1.557785 0.240723 ] 
[-2.092990 -2.002844 2.674728 3.420162 -5.676374 -5.098906 -0.952297 0.094912 ] 
[-3.018380 -1.334518 3.287529 -0.296279 -7.396830 -4.056619 -1.723309 -0.858143 ] 
[-1.692547 1.068328 3.853129 -2.338541 -5.616961 -2.302990 -1.990962 -1.118646 ] 
[-1.122230 0.425663 1.065552 -3.081990 -2.787634 -1.986922 -2.420588 -0.925555 ] 
[-0.242447 -0.976477 -1.675890 -2.646237 -1.410603 -2.425857 -2.624503 -0.559334 ] 
] 
[[0.109416 1.402719 1.881989 0.963115 -0.507349 -1.321325 -0.552231 -0.276618 ] 
[-0.168397 1.531613 1.668489 -0.239986 -2.126688 -1.991898 -0.589064 -0.121154 ] 
[-2.091830 -2.375847 -3.117517 -3.797248 -3.135804 -1.460730 -0.234651 -0.023245 ] 
[-0.903319 -1.708111 -2.907588 -3.536919 -2.652740 -1.521780 -0.539691 -0.184119 ] 
[-2.629317 -3.573899 -4.122946 -4.651019 -4.394403 -3.482960 -2.434976 -1.093382 ] 
[-3.546794 -4.316201 -4.917173 -4.658707 -5.194345 -4.323936 -3.193881 -1.591519 ] 
[5.577279 6.262730 6.798378 7.202993 6.628787 4.451977 1.939718 0.165145 ] 
[-0.010452 -0.810256 -0.285598 0.785463 2.237455 2.391461 1.350770 0.435737 ] 
] 
[[-0.518462 1.366529 1.352839 -0.197427 -1.396053 -1.565313 -1.227301 -0.605228 ] 
[-0.767861 0.004570 -0.757493 -0.985538 -1.122924 -1.094063 -1.272661 -0.801030 ] 
[-0.621282 1.686848 1.107845 -0.555218 -1.253119 -1.256033 -1.069884 -0.608525 ] 
[0.019341 1.064162 0.376508 -0.784006 -1.255757 -1.165684 -0.832832 -0.366705 ] 
[-0.771156 0.222604 -0.096839 -0.939935 -1.200506 -1.181123 -0.488706 -0.178491 ] 
[0.654876 1.360539 -0.051041 -0.661375 -0.084463 -0.353693 -0.600756 -0.323097 ] 
[0.462261 1.026183 -0.008644 -0.130555 -0.601290 -0.648269 -0.323769 -0.313458 ] 
[-1.518571 -1.356626 -2.138532 -2.055297 -2.545148 -2.375440 -1.104861 -0.561483 ] 
] 
[[0.505200 0.393080 0.455688 -0.958437 -0.463359 0.270631 -0.049369 0.074843 ] 
[-0.906334 -0.630842 0.425117 -0.136725 0.200616 0.043940 -0.111799 -0.177007 ] 
[-1.708052 -1.920792 -1.475594 -0.221996 0.263605 -0.473731 -0.357048 -0.191641 ] 
[-1.861271 -1.828650 -1.800765 -1.792848 -1.208055 -1.274871 -0.579369 -0.068707 ] 
[-1.951378 -0.934412 -1.566468 -2.133325 -1.806022 -1.617953 -0.752763 -0.027978 ] 
[0.223609 0.575548 1.149114 1.101122 -0.005243 -1.048790 -0.665721 -0.062449 ] 
[0.665290 -0.239314 0.764938 2.081006 0.920460 -0.412566 -0.784243 -0.170538 ] 
[-0.375222 -0.438985 0.301793 1.633006 1.406025 1.500883 1.031294 0.303701 ] 
] 
] 
