[[[0.985125 1.079787 -0.967375 -0.060654 ] 
[1.360664 0.657340 -0.254614 0.099237 ] 
[1.079197 -0.871232 -1.565753 -0.152366 ] 
[1.567960 2.539594 2.388653 -0.024807 ] 
] 
[[0.973282 0.015782 -0.315360 0.100861 ] 
[-0.011898 -1.289050 0.017297 0.217982 ] 
[-0.026326 -0.845294 -0.229374 0.703444 ] 
[1.626286 1.043684 0.647817 0.398953 ] 
] 
[[0.929039 0.099317 -0.128306 -0.319639 ] 
[0.188799 -0.024716 0.113262 0.353041 ] 
[0.913868 -1.147683 -0.738209 0.799698 ] 
[1.980361 1.796310 1.460968 0.538870 ] 
] 
[[0.703277 -0.938887 -1.899101 0.108431 ] 
[0.356250 0.839458 -0.840722 0.289243 ] 
[0.848015 1.357551 0.246915 0.776319 ] 
[0.853215 -0.432030 -1.676311 -0.599332 ] 
] 
[[2.417778 0.743172 0.854093 -0.133641 ] 
[0.420113 -2.171125 -1.219448 0.093918 ] 
[-0.193710 -2.221102 -0.390617 0.663598 ] 
[3.293323 2.657319 2.080042 0.709109 ] 
] 
[[-0.125763 -0.856704 -0.315282 -0.256013 ] 
[-0.551203 -0.961864 -1.018795 -0.555492 ] 
[3.379273 4.028857 1.932233 0.852262 ] 
[-1.647386 -1.941858 -0.907113 -0.431875 ] 
] 
[[1.367987 -0.347520 -1.218764 0.841065 ] 
[2.481411 -1.296625 1.212415 1.525543 ] 
[1.408906 -2.981359 0.632817 1.025610 ] 
[-2.489238 -2.629733 -1.968189 0.447727 ] 
] 
[[0.485973 0.285737 -0.815175 -0.057825 ] 
[0.213540 0.055875 -0.130980 0.227849 ] 
[0.138786 -0.377000 -0.255903 0.532744 ] 
[0.031177 1.424480 1.331344 -0.384556 ] 
] 
[[2.483173 3.379833 -0.437536 -0.369034 ] 
[3.106206 0.545006 -0.756532 -0.263904 ] 
[1.701560 -1.535030 -1.243481 -0.260664 ] 
[3.188199 1.655631 0.730306 -0.075420 ] 
] 
[[1.863303 1.261276 -0.408412 -0.462497 ] 
[-0.293520 -0.165147 -0.892571 -0.339355 ] 
[0.568164 -0.394418 -2.915229 -0.825330 ] 
[5.318059 5.517651 1.875759 0.086421 ] 
] 
[[0.558597 1.479423 0.471896 0.210688 ] 
[-0.229300 -0.761471 -0.903261 -0.140540 ] 
[0.813806 0.844324 -0.576824 0.354520 ] 
[5.042841 4.237694 2.514480 1.119931 ] 
] 
[[1.863821 2.163978 -1.424540 -0.258064 ] 
[2.500813 0.672053 -0.688905 -0.132862 ] 
[2.413251 0.599337 1.265009 0.554471 ] 
[5.326910 4.227057 2.757557 0.744757 ] 
] 
[[0.904997 -2.304183 -0.336301 0.295687 ] 
[0.341507 0.673912 0.715681 0.388151 ] 
[0.477768 1.248187 1.126803 0.355197 ] 
[-1.227050 -0.056427 -0.925330 0.169910 ] 
] 
[[2.720514 2.228914 -1.491140 -0.176623 ] 
[-0.956706 -0.952520 -0.845216 0.325537 ] 
[2.300642 -0.519929 0.867140 -0.116523 ] 
[3.275642 0.501988 1.432998 -0.227089 ] 
] 
[[-1.169946 0.323229 -0.633007 -0.088751 ] 
[0.259815 1.021003 -1.407725 -0.179205 ] 
[0.738034 2.444830 1.046156 0.164994 ] 
[-3.057810 -1.634427 0.373505 0.080634 ] 
] 
[[-1.588575 3.196757 4.264425 -0.332076 ] 
[-0.899259 4.201032 2.614789 0.267607 ] 
[-2.567226 2.164231 -0.822529 -0.102966 ] 
[0.924575 0.866375 1.027769 0.316942 ] 
] 
[[1.914095 -0.816494 -1.128561 -0.324388 ] 
[1.342872 -0.196616 0.183790 0.266693 ] 
[0.587339 -0.137965 0.286288 0.349382 ] 
[1.745992 1.023643 0.305506 -0.101641 ] 
] 
[[-0.351536 0.606994 -0.190255 -0.779825 ] 
[-0.976738 -2.487237 -2.264327 -0.739146 ] 
[6.048046 7.713041 6.746996 -0.019064 ] 
[-2.007739 -0.840753 1.545178 0.912068 ] 
] 
[[-0.253279 -0.809691 1.244939 0.739584 ] 
[-1.258223 1.378286 0.719084 0.080119 ] 
[0.575292 2.442351 2.264263 -0.269434 ] 
[-0.002741 1.683551 0.469590 0.612802 ] 
] 
[[-0.366603 0.953129 1.644056 -0.537362 ] 
[-0.657351 0.814203 1.242748 -0.145407 ] 
[0.120320 1.153677 0.970048 -0.049228 ] 
[-0.824227 -0.116849 0.953795 0.241263 ] 
] 
[[-0.746685 -1.356727 0.689672 0.611969 ] 
[-0.990378 0.279882 0.974462 0.749431 ] 
[0.005673 0.938942 2.052692 1.616913 ] 
[-0.554631 0.508812 0.585916 0.841598 ] 
] 
[[0.086907 0.507538 0.502693 -0.149697 ] 
[-0.915544 -1.375626 -0.017631 0.016874 ] 
[-0.309691 -0.367396 0.259309 -0.438038 ] 
[1.869838 2.235554 3.704903 2.748318 ] 
] 
[[1.568546 2.402098 -0.381824 -1.101292 ] 
[-1.462831 -1.633394 -2.140813 -0.850307 ] 
[4.284034 3.800411 1.686819 1.485101 ] 
[4.161914 1.524619 -0.695892 -1.358934 ] 
] 
[[1.929568 0.573473 1.564306 2.066808 ] 
[-0.582085 -3.426690 2.036788 1.537068 ] 
[2.531154 -0.012149 2.585173 0.853401 ] 
[0.681158 -0.085539 1.052874 0.220134 ] 
] 
[[1.162828 -3.017872 0.835517 0.199430 ] 
[1.256542 -1.806245 1.199094 0.596126 ] 
[1.105692 -1.684528 0.357104 0.888690 ] 
[-1.154226 -0.989017 -0.529078 -0.267189 ] 
] 
[[-0.371508 0.708250 -1.196135 0.075487 ] 
[0.784558 1.165003 -0.928588 0.476392 ] 
[1.119249 0.506296 -0.569938 0.194810 ] 
[1.029718 0.489373 1.449021 1.646738 ] 
] 
[[-0.410898 2.829658 3.705004 -1.163143 ] 
[-0.030857 3.031842 1.017584 -0.393099 ] 
[0.943456 4.385645 -1.253630 0.201952 ] 
[0.998140 -0.328216 -1.733354 -1.821118 ] 
] 
[[1.700803 -2.821950 -1.511539 0.021666 ] 
[0.872341 0.486812 -0.169030 0.446641 ] 
[0.532962 -0.507857 0.871005 0.371089 ] 
[-3.845554 -3.751407 -3.647981 -0.643297 ] 
] 
[[-1.363193 2.306614 2.265481 -0.182621 ] 
[0.048743 2.959759 1.776610 0.471865 ] 
[-3.899462 -2.007312 -3.348126 0.354488 ] 
[5.247622 5.007412 3.323562 0.611007 ] 
] 
[[3.134064 3.883062 -1.381531 -0.749156 ] 
[-2.309218 -1.853262 -1.107720 -0.575488 ] 
[2.663378 0.400758 0.737620 0.116702 ] 
[6.255044 4.567796 4.596948 0.517009 ] 
] 
[[1.073732 2.125837 -0.183102 -0.208156 ] 
[0.188320 1.179369 -0.426210 -0.348810 ] 
[2.098119 -0.338981 0.741529 -0.045517 ] 
[2.434142 1.102075 1.295599 -0.191124 ] 
] 
[[1.227821 -4.437578 0.144940 0.494676 ] 
[1.133272 1.214100 2.005645 0.604165 ] 
[2.455357 2.768018 1.925311 0.862935 ] 
[-5.008293 -1.355710 0.219358 0.228811 ] 
] 
[[0.346811 -1.197348 1.908440 0.117270 ] 
[0.341280 1.722672 1.642294 0.306409 ] 
[-0.924413 0.427944 -0.229940 0.050961 ] 
[-2.012565 -1.319117 0.129298 0.025136 ] 
] 
[[0.860100 -0.009094 -1.201104 2.191052 ] 
[0.394715 0.395767 0.731599 2.178529 ] 
[-0.179515 -0.972877 0.450450 0.460018 ] 
[0.283001 0.219150 0.443040 0.932621 ] 
] 
[[-1.343126 1.336005 3.001596 0.802344 ] 
[0.119986 -0.938975 1.461663 0.364667 ] 
[-3.833714 0.614873 -0.900528 1.043429 ] 
[2.916752 2.778110 2.531594 2.419348 ] 
] 
[[1.158119 -1.883193 2.847140 -0.869259 ] 
[0.594817 0.514744 3.780002 -0.131009 ] 
[0.774654 3.487738 2.766472 0.245138 ] 
[-2.847177 0.496201 -0.684042 -0.053875 ] 
] 
[[0.621322 -1.235390 0.297830 2.126248 ] 
[-0.126443 -0.709989 2.591263 2.344109 ] 
[-3.223154 -4.937078 0.326258 -0.132102 ] 
[2.384556 1.576386 1.621033 0.929777 ] 
] 
[[1.506603 1.009715 -1.677493 -0.125880 ] 
[1.781122 2.134033 -0.688117 0.278535 ] 
[0.118257 -1.350679 -3.144474 0.307816 ] 
[2.607873 3.304404 0.682185 -0.606401 ] 
] 
[[0.936775 1.274540 -0.064842 -0.559459 ] 
[1.373778 0.598345 0.183985 -0.357501 ] 
[1.348982 0.815780 0.190061 -0.616250 ] 
[0.597265 0.985812 1.044668 -0.322440 ] 
] 
[[0.083643 -0.788772 0.496773 0.781986 ] 
[0.011298 -0.853143 1.128620 1.090852 ] 
[-1.414958 -2.426861 -0.012572 0.543382 ] 
[0.988246 0.588594 1.266808 1.208789 ] 
] 
[[-0.452881 1.372136 2.890157 -0.794782 ] 
[-1.426983 0.856472 0.958546 -0.401533 ] 
[0.382144 4.406172 2.252263 -0.832468 ] 
[-1.081398 1.752797 1.066948 0.077072 ] 
] 
[[1.146119 1.235851 -0.507545 -0.090258 ] 
[-1.347958 -3.253243 -1.700804 -0.340670 ] 
[2.006737 3.006078 3.499301 0.309206 ] 
[0.490531 3.286566 4.474139 2.968137 ] 
] 
[[-2.494318 5.894820 0.192027 -0.201751 ] 
[-3.208671 6.876716 -4.475435 0.339282 ] 
[0.393633 4.230922 -2.773862 -0.569293 ] 
[-0.219687 -2.404308 -1.936671 -0.332710 ] 
] 
[[0.456380 2.640998 -1.496341 0.187469 ] 
[0.887027 1.830255 -2.063483 0.285374 ] 
[2.051962 1.442603 -1.607224 -0.362238 ] 
[2.506099 1.314150 0.147388 0.329917 ] 
] 
[[1.612386 3.959649 0.990157 -0.461271 ] 
[-0.817492 0.725425 -1.846047 -0.404336 ] 
[0.934005 -0.181230 -1.039002 0.152905 ] 
[5.308148 3.238415 0.542985 -0.629730 ] 
] 
[[1.786337 0.601393 2.248174 2.718209 ] 
[-0.810780 -2.271174 1.482002 1.289534 ] 
[-2.789042 -1.807511 0.111455 0.544540 ] 
[4.248724 5.136403 4.340240 2.098996 ] 
] 
[[-1.828099 4.187541 0.629850 -0.162126 ] 
[-1.293532 4.058794 -3.760214 0.240723 ] 
[1.068328 3.853129 -2.302990 -0.858143 ] 
[0.425663 1.065552 -1.410603 -0.559334 ] 
] 
[[1.531613 1.881989 -0.507349 -0.121154 ] 
[-0.903319 -2.907588 -1.460730 -0.023245 ] 
[-2.629317 -4.122946 -3.482960 -1.093382 ] 
[6.262730 7.202993 6.628787 1.939718 ] 
] 
[[1.366529 1.352839 -1.094063 -0.605228 ] 
[1.686848 1.107845 -1.165684 -0.366705 ] 
[1.360539 -0.051041 -0.084463 -0.178491 ] 
[1.026183 -0.008644 -0.601290 -0.313458 ] 
] 
[[0.505200 0.455688 0.270631 0.074843 ] 
[-1.708052 -0.221996 0.263605 -0.068707 ] 
[0.575548 1.149114 -0.005243 -0.027978 ] 
[0.665290 2.081006 1.500883 1.031294 ] 
] 
] 
