0.001689
-0.195678
0.152479
-0.052584
-0.128071
0.106709
0.290623
0.138081
0.032422
-0.335038
0.081361
-0.131446
0.180860
0.226157
-0.108870
-0.068459
-0.001918
-0.139821
0.344653
0.347773
0.072877
0.301781
0.109974
-0.050670
0.011305
0.212318
0.169315
0.231920
0.056665
-0.181488
-0.173180
0.288897
0.108517
-0.103303
0.027002
-0.151555
-0.077527
0.215223
0.149241
0.208333
-0.200875
0.192768
0.068874
0.284218
-0.087883
-0.297676
0.184598
-0.103237
0.168544
-0.188689
0.184950
0.202810
-0.177520
-0.030050
0.112905
-0.055144
-0.011057
-0.032769
0.291672
-0.134314
0.208046
0.191329
0.338626
0.190085
-0.107734
-0.164641
-0.136039
0.309862
0.267651
0.299605
-0.031860
-0.346121
-0.147241
-0.055157
0.233751
-0.288029
-0.270417
-0.284731
-0.087246
-0.016763
-0.125433
-0.074255
0.014867
-0.160826
-0.172219
0.091558
-0.199817
0.022769
0.051397
0.305141
-0.140458
-0.175538
-0.086986
0.150975
0.258774
-0.020227
-0.004930
-0.072196
0.162730
0.390798
-0.152403
-0.047340
-0.302865
-0.517989
-0.496421
0.027705
-0.188487
0.003658
-0.486591
-0.322473
0.075314
0.165505
0.292780
0.027906
-0.091797
0.193709
0.495534
0.587719
0.457409
0.427252
-0.107252
0.042020
0.209977
-0.011322
0.411557
0.154205
0.277452
-0.232621
0.001528
-0.312321
0.034714
0.292695
-0.269829
-0.090794
-0.301937
0.180637
0.036816
-0.041010
-0.148372
-0.361796
0.238351
0.150602
-0.195306
-0.325733
-0.133263
0.183085
-0.198898
-0.154790
-0.321836
-0.022902
-0.025730
0.038631
-0.155711
-0.028075
0.191534
-0.269943
0.061657
0.048225
0.172134
-0.128414
-0.210575
0.107198
-0.163336
-0.225038
0.006980
0.136234
0.007062
0.300838
0.247027
0.087253
0.160099
0.086275
0.267764
-0.012137
0.047311
-0.275331
0.053975
-0.354744
-0.082364
0.113227
0.193030
-0.263504
-0.472206
-0.477079
-0.282308
0.217716
0.216675
0.055022
-0.405869
-0.124120
-0.147851
0.054108
0.317442
0.249840
-0.162782
-0.038567
0.072899
0.397498
0.461920
0.283740
-0.361215
-0.337345
0.024371
0.354912
0.171763
0.088227
0.109260
0.368223
0.335983
-0.208271
0.002841
-0.004775
0.395167
0.303877
-0.163539
0.356782
0.271416
0.253976
0.251717
0.074629
0.189922
0.238129
-0.064018
0.171035
0.032353
-0.092084
0.129507
-0.339709
0.176793
0.215419
0.214582
-0.098804
-0.322525
0.131545
-0.072385
0.233180
0.263239
-0.185695
0.071938
-0.045607
0.278570
0.328873
-0.106815
0.037141
0.157457
-0.097845
0.195618
0.110883
0.286528
0.043906
-0.306496
-0.425645
-0.426072
-0.260207
-0.141748
-0.183593
0.192067
0.049015
-0.043201
0.064754
0.444441
0.475230
0.188778
0.493794
0.247657
0.247718
0.319944
0.196959
0.047927
0.059789
-0.235604
0.050827
0.103784
-0.218745
-0.012858
-0.316380
-0.191823
-0.288954
0.146417
0.226805
-0.122531
-0.344080
0.108010
0.047434
0.411488
-0.098136
-0.179127
0.453762
0.304105
0.074795
0.240479
0.198504
0.249217
-0.082482
0.085341
-0.006060
0.356959
0.244559
-0.321055
-0.065052
0.203506
0.410643
0.203301
0.179929
-0.157579
0.064362
0.564293
0.210061
-0.169092
-0.467088
0.343449
0.434038
0.028528
-0.040093
-0.537316
0.118874
0.546916
0.185972
-0.390397
-0.455899
0.121119
0.300441
0.183113
-0.326023
-0.060786
0.311272
0.206283
-0.009186
0.201268
0.203341
0.353463
0.335183
-0.023147
-0.273275
0.097279
0.086889
0.319967
-0.100279
-0.203525
-0.053702
0.145252
0.064649
0.239455
0.089413
-0.246470
0.002414
0.037406
-0.102833
-0.253121
0.067585
0.279098
-0.099710
-0.134058
-0.301510
-0.029345
0.406504
0.310237
0.326299
0.046861
0.192595
0.197824
0.047568
0.226556
-0.011940
-0.165227
0.280324
-0.096971
0.247881
0.319422
0.259011
-0.029113
0.033619
0.024380
-0.000659
-0.193811
-0.205440
-0.225462
0.030446
0.143463
0.195196
-0.187299
-0.299173
0.115383
-0.005502
0.136754
0.289167
0.203707
-0.141620
-0.142644
-0.078216
-0.054645
0.108727
-0.052438
-0.198792
0.106811
-0.033892
0.109629
0.059268
-0.323914
-0.057333
-0.257695
-0.331487
-0.328539
0.093718
-0.153832
0.128871
-0.140900
0.268960
0.099591
-0.007134
0.278033
0.341510
0.316620
-0.102893
-0.066388
0.033669
-0.040953
0.115396
0.187026
0.022951
-0.145442
-0.049424
-0.253724
-0.075586
-0.206923
-0.184409
-0.028064
-0.260688
-0.307209
-0.080857
-0.354331
-0.364721
-0.099528
0.129569
-0.029684
-0.012727
0.180571
0.282880
0.171672
0.270262
0.206163
0.000549
0.028374
-0.020650
0.285176
0.065531
-0.126001
0.002199
0.118818
-0.029919
-0.128127
0.246923
0.240162
0.295821
0.089264
0.190516
0.102522
0.132647
-0.058258
-0.238635
0.009971
-0.151233
-0.064644
-0.274685
-0.015707
-0.380295
-0.437210
-0.269437
-0.034562
-0.040250
0.144578
0.046675
-0.080392
-0.213197
0.056414
0.106594
0.375874
0.380707
0.574421
0.467516
-0.141378
0.294455
0.426528
0.458800
0.438735
-0.088531
-0.218731
-0.114988
-0.225769
0.041726
-0.108165
0.061521
-0.328040
-0.527450
-0.467078
-0.173803
0.028964
-0.086748
-0.272707
-0.128558
-0.270575
-0.149019
-0.113241
-0.055912
-0.054650
0.207840
-0.234476
-0.028496
-0.212321
-0.084647
-0.050336
-0.180729
-0.034279
-0.139066
-0.112876
-0.047726
-0.071488
-0.071127
-0.272847
-0.232937
